  Tracker  Dataset  conf  iou  HOTA (%)  MOTA (%)  IDF1 (%)  ID Switches  MostlyTracked  MostlyLost  FPS  Latency mean (ms)  Latency p95 (ms)  Peak VRAM (MB)
 deepsort   avenue  0.40  0.7    50.420    38.970    67.420           33         63.000       6.000 44.8              22.32             32.45          1125.8
 deepsort     UCSD  0.30  0.5    46.320    44.332    61.830            9         15.167      12.500 38.9              25.86             38.09          1721.1
 deepsort shanghai  0.50  0.5    54.603    61.080    72.113            4          7.667       5.333 48.8              20.67             28.37           961.3
 deepsort     gmot  0.30  0.5    20.926    -1.310    25.650           62          6.625      25.375 55.7              29.18             42.13          2770.9
bytetrack   avenue  0.01  0.5    59.240    78.330    73.810            6         54.000       7.000 83.8              11.93             15.85           412.7
bytetrack     UCSD  0.01  0.7    45.767    46.918    62.850            4         10.833      14.667 86.9              11.79             16.46           692.8
bytetrack shanghai  0.01  0.5    59.563    69.117    80.787            1          7.667       5.333 80.7              12.60             16.27           452.4
bytetrack     gmot  0.01  0.6    19.670    20.019    26.165           30          4.375      31.125 77.3              13.23             17.36           685.0
   ocsort   avenue  0.20  0.7    60.590    76.230    78.830           30         54.000       7.000 70.5              14.18             17.58           275.4
   ocsort     UCSD  0.20  0.5    43.442    44.437    60.315            9         10.167      15.500 81.3              12.58             18.31           573.0
   ocsort shanghai  0.20  0.5    58.033    66.133    78.883            4          7.333       5.000 81.4              12.53             17.35           601.7
   ocsort     gmot  0.20  0.5    19.032    20.030    25.380           51          5.000      31.250 73.2              14.06             18.95           595.4