0,2,582.19,33.54,25.89,86.32,0.8540,-1,-1,-1
0,1,82.93,89.15,76.38,195.26,0.9256,-1,-1,-1
1,3,520.56,33.05,26.86,88.09,0.6278,-1,-1,-1
1,2,582.24,33.87,26.36,86.15,0.8540,-1,-1,-1
1,1,89.99,89.28,74.77,195.15,0.9256,-1,-1,-1
2,3,520.49,32.33,28.64,89.89,0.6278,-1,-1,-1
2,2,582.34,34.02,26.70,85.94,0.8540,-1,-1,-1
2,1,95.71,89.17,79.16,196.00,0.9256,-1,-1,-1
3,2,582.36,34.00,27.04,86.09,0.8540,-1,-1,-1
3,1,97.76,88.64,83.46,195.53,0.9256,-1,-1,-1
4,3,519.99,32.48,34.45,89.93,0.6278,-1,-1,-1
4,2,582.64,34.14,27.71,85.89,0.8540,-1,-1,-1
4,1,101.71,88.73,81.96,195.71,0.9256,-1,-1,-1
5,3,520.00,34.51,37.39,87.43,0.6278,-1,-1,-1
5,2,582.65,34.05,28.46,86.00,0.8540,-1,-1,-1
5,1,105.45,88.38,81.16,193.73,0.9256,-1,-1,-1
6,3,519.37,33.73,40.23,88.01,0.6278,-1,-1,-1
6,2,582.85,34.17,28.19,85.83,0.8540,-1,-1,-1
6,1,112.05,87.15,77.53,190.82,0.9256,-1,-1,-1
7,3,520.39,34.69,40.64,86.81,0.6278,-1,-1,-1
7,2,582.89,34.19,28.24,85.79,0.8540,-1,-1,-1
7,1,119.49,87.00,70.73,187.08,0.9256,-1,-1,-1
8,3,521.38,36.40,40.86,84.84,0.6278,-1,-1,-1
8,2,583.08,34.14,28.78,85.67,0.8540,-1,-1,-1
8,1,127.40,83.50,61.76,189.67,0.9256,-1,-1,-1
9,3,521.58,35.43,41.52,85.80,0.6278,-1,-1,-1
9,2,583.61,33.67,28.17,85.86,0.8540,-1,-1,-1
9,1,133.12,81.77,55.40,189.32,0.9256,-1,-1,-1
10,2,583.77,33.93,28.27,85.84,0.8540,-1,-1,-1
10,1,138.53,80.72,53.32,187.84,0.9256,-1,-1,-1
11,2,584.05,34.08,28.45,85.83,0.8540,-1,-1,-1
11,1,143.92,79.41,54.57,187.35,0.9256,-1,-1,-1
12,2,584.33,34.11,29.32,86.54,0.8540,-1,-1,-1
12,1,148.39,79.85,56.63,185.26,0.9256,-1,-1,-1
13,2,585.52,34.16,28.08,86.09,0.8540,-1,-1,-1
13,1,152.48,79.62,64.75,185.07,0.9256,-1,-1,-1
14,3,540.91,36.49,31.61,84.76,0.6278,-1,-1,-1
14,2,585.58,34.13,28.40,86.15,0.8540,-1,-1,-1
14,1,158.21,79.90,71.88,183.87,0.9256,-1,-1,-1
15,4,21.39,47.63,41.15,109.05,0.5172,-1,-1,-1
15,3,542.09,35.32,32.75,85.11,0.6278,-1,-1,-1
15,2,585.71,33.86,29.12,86.24,0.8540,-1,-1,-1
15,1,159.32,79.92,77.85,182.80,0.9256,-1,-1,-1
16,4,24.54,48.08,43.83,110.65,0.5172,-1,-1,-1
16,3,543.48,33.74,33.48,86.76,0.6278,-1,-1,-1
16,2,586.22,34.27,29.46,85.91,0.8540,-1,-1,-1
16,1,159.69,80.75,85.13,183.61,0.9256,-1,-1,-1
17,4,27.44,47.93,42.52,110.30,0.5172,-1,-1,-1
17,3,545.15,32.93,35.15,87.27,0.6278,-1,-1,-1
17,2,586.69,34.11,29.53,85.91,0.8540,-1,-1,-1
17,1,160.53,80.73,85.57,182.39,0.9256,-1,-1,-1
18,4,31.55,47.81,39.72,110.81,0.5172,-1,-1,-1
18,3,546.08,32.63,35.93,88.20,0.6278,-1,-1,-1
18,2,586.80,34.34,30.58,85.82,0.8540,-1,-1,-1
18,1,161.38,80.25,85.77,181.81,0.9256,-1,-1,-1
19,4,35.84,46.90,36.47,109.37,0.5172,-1,-1,-1
19,3,547.31,33.50,34.10,87.26,0.6278,-1,-1,-1
19,2,588.15,34.74,31.03,85.28,0.8540,-1,-1,-1
19,1,164.69,79.67,82.21,181.25,0.9256,-1,-1,-1
20,4,39.96,46.90,33.62,107.39,0.5172,-1,-1,-1
20,3,548.25,33.54,33.54,86.76,0.6278,-1,-1,-1
20,2,588.94,34.75,32.01,85.35,0.8540,-1,-1,-1
20,1,170.09,79.33,77.09,178.97,0.9256,-1,-1,-1
21,4,43.15,45.03,31.18,108.15,0.5172,-1,-1,-1
21,3,548.41,34.40,34.08,85.44,0.6278,-1,-1,-1
21,2,589.57,34.81,32.77,85.21,0.8540,-1,-1,-1
21,1,178.71,77.21,69.07,178.16,0.9256,-1,-1,-1
22,4,47.20,43.95,31.71,108.49,0.5172,-1,-1,-1
22,3,549.12,34.80,34.51,84.79,0.6278,-1,-1,-1
22,2,589.47,35.09,33.74,85.18,0.8540,-1,-1,-1
22,1,186.61,76.17,60.02,177.23,0.9256,-1,-1,-1
23,3,549.31,34.50,35.71,84.81,0.6278,-1,-1,-1
23,2,589.28,34.98,34.87,85.21,0.8540,-1,-1,-1
23,1,197.34,75.28,49.47,176.92,0.9256,-1,-1,-1
24,3,551.34,34.23,33.88,84.64,0.6278,-1,-1,-1
24,2,590.54,35.28,34.35,84.96,0.8540,-1,-1,-1
24,1,203.75,74.40,46.81,176.38,0.9256,-1,-1,-1
25,3,552.84,34.14,33.03,84.54,0.6278,-1,-1,-1
25,2,592.01,35.11,33.65,84.97,0.8540,-1,-1,-1
25,1,206.32,73.51,54.48,178.26,0.9256,-1,-1,-1
26,3,553.81,32.84,32.63,86.35,0.6278,-1,-1,-1
26,2,592.48,35.69,33.63,84.24,0.8540,-1,-1,-1
26,1,209.50,73.21,61.72,178.66,0.9256,-1,-1,-1
27,3,555.90,32.20,31.10,86.80,0.6278,-1,-1,-1
27,2,592.95,35.33,34.35,84.94,0.8540,-1,-1,-1
27,1,213.16,73.31,65.40,178.40,0.9256,-1,-1,-1
28,4,65.65,41.38,41.47,112.08,0.5172,-1,-1,-1
28,3,557.68,32.08,30.00,86.90,0.6278,-1,-1,-1
28,2,593.50,35.03,34.47,85.13,0.8540,-1,-1,-1
28,1,218.01,73.47,67.72,178.24,0.9256,-1,-1,-1
29,3,558.82,32.32,29.51,85.77,0.6278,-1,-1,-1
29,2,594.22,34.82,34.56,85.50,0.8540,-1,-1,-1
29,1,221.90,73.67,69.19,177.55,0.9256,-1,-1,-1
30,3,559.32,32.13,28.90,86.65,0.6278,-1,-1,-1
30,2,594.97,34.86,34.60,85.61,0.8540,-1,-1,-1
30,1,223.03,73.45,73.63,177.11,0.9256,-1,-1,-1
31,3,559.64,32.05,28.22,86.56,0.6278,-1,-1,-1
31,2,596.68,34.89,33.37,84.92,0.8540,-1,-1,-1
31,1,224.74,73.14,76.02,176.31,0.9256,-1,-1,-1
32,3,560.31,31.99,27.90,86.68,0.6278,-1,-1,-1
32,2,597.63,34.77,33.50,85.16,0.8540,-1,-1,-1
32,1,227.42,72.17,76.36,176.00,0.9256,-1,-1,-1
33,3,561.31,32.21,26.84,85.69,0.6278,-1,-1,-1
33,2,598.80,34.81,32.43,84.30,0.8540,-1,-1,-1
33,1,232.42,70.99,73.04,175.26,0.9256,-1,-1,-1
34,3,561.70,32.13,26.64,85.15,0.6278,-1,-1,-1
34,2,598.95,34.50,33.11,85.08,0.8540,-1,-1,-1
34,1,240.18,70.42,66.35,171.16,0.9256,-1,-1,-1
35,3,561.63,32.51,27.24,84.19,0.6278,-1,-1,-1
35,2,598.83,34.91,33.25,84.78,0.8540,-1,-1,-1
35,1,244.84,68.84,61.55,169.02,0.9256,-1,-1,-1
36,3,562.14,32.58,27.57,84.00,0.6278,-1,-1,-1
36,2,599.33,34.91,32.81,85.07,0.8540,-1,-1,-1
36,1,249.11,67.63,55.79,167.14,0.9256,-1,-1,-1
37,3,562.66,32.95,28.07,83.13,0.6278,-1,-1,-1
37,2,599.82,34.66,32.59,85.15,0.8540,-1,-1,-1
37,1,253.91,66.72,51.46,168.92,0.9256,-1,-1,-1
38,3,562.75,32.72,28.86,83.42,0.6278,-1,-1,-1
38,2,599.88,34.83,32.71,84.83,0.8540,-1,-1,-1
38,1,258.76,65.74,48.93,169.58,0.9256,-1,-1,-1
39,3,562.90,32.88,29.79,83.27,0.6278,-1,-1,-1
39,2,600.86,34.91,31.75,84.69,0.8540,-1,-1,-1
39,1,262.78,65.50,49.79,168.46,0.9256,-1,-1,-1
40,3,563.99,33.62,29.49,81.99,0.6278,-1,-1,-1
40,2,601.67,35.09,31.25,84.71,0.8540,-1,-1,-1
40,1,266.31,66.15,57.28,166.35,0.9256,-1,-1,-1
41,3,563.70,33.37,31.32,82.34,0.6278,-1,-1,-1
41,2,601.77,35.24,31.33,84.15,0.8540,-1,-1,-1
41,1,268.77,65.46,65.17,166.13,0.9256,-1,-1,-1
42,4,112.56,38.17,32.15,104.77,0.5172,-1,-1,-1
42,3,564.74,32.88,32.17,82.86,0.6278,-1,-1,-1
42,2,602.32,35.19,31.31,83.96,0.8540,-1,-1,-1
42,1,269.46,66.25,71.04,166.49,0.9256,-1,-1,-1
43,4,114.34,38.56,37.35,113.66,0.5172,-1,-1,-1
43,3,565.60,32.94,32.26,81.53,0.6278,-1,-1,-1
43,2,602.80,35.20,31.22,83.94,0.8540,-1,-1,-1
43,1,268.69,67.85,76.27,164.11,0.9256,-1,-1,-1
44,4,115.99,38.42,36.47,109.67,0.5172,-1,-1,-1
44,3,567.03,32.42,32.87,81.34,0.6278,-1,-1,-1
44,2,603.25,35.14,31.44,83.74,0.8540,-1,-1,-1
44,1,269.74,67.39,76.62,163.88,0.9256,-1,-1,-1
45,4,119.23,37.05,33.37,107.69,0.5172,-1,-1,-1
45,3,569.23,31.90,35.00,81.09,0.6278,-1,-1,-1
45,2,603.70,34.49,31.81,84.65,0.8540,-1,-1,-1
45,1,271.07,66.77,74.96,163.24,0.9256,-1,-1,-1
46,5,785.40,22.42,28.95,35.25,0.5014,-1,-1,-1
46,3,570.52,32.12,35.43,80.49,0.6278,-1,-1,-1
46,2,604.46,34.72,31.28,84.42,0.8540,-1,-1,-1
46,1,274.34,66.40,71.87,162.74,0.9256,-1,-1,-1
47,5,785.40,22.40,29.01,35.25,0.5014,-1,-1,-1
47,3,571.58,31.75,34.15,80.34,0.6278,-1,-1,-1
47,2,604.36,34.12,32.20,85.06,0.8540,-1,-1,-1
47,1,280.24,65.15,65.94,161.96,0.9256,-1,-1,-1
48,5,785.49,22.37,28.93,35.31,0.5014,-1,-1,-1
48,3,573.01,30.76,32.83,81.82,0.6278,-1,-1,-1
48,2,606.32,33.92,31.73,83.94,0.8540,-1,-1,-1
48,1,295.14,63.08,51.14,159.66,0.9256,-1,-1,-1
49,5,785.52,22.30,28.89,35.31,0.5014,-1,-1,-1
49,3,574.59,30.83,32.22,80.98,0.6278,-1,-1,-1
49,2,608.29,33.89,30.41,82.67,0.8540,-1,-1,-1
49,1,304.26,61.72,42.93,160.58,0.9256,-1,-1,-1
50,5,785.47,22.32,28.92,35.28,0.5014,-1,-1,-1
50,3,575.52,31.29,32.41,80.86,0.6278,-1,-1,-1
50,2,609.54,33.16,30.39,83.19,0.8540,-1,-1,-1
50,1,312.22,61.73,40.93,157.58,0.9256,-1,-1,-1
51,5,785.34,22.39,29.08,35.28,0.5014,-1,-1,-1
51,3,576.33,31.33,32.43,80.54,0.6278,-1,-1,-1
51,2,610.91,33.23,29.28,82.46,0.8540,-1,-1,-1
51,1,314.76,61.27,46.00,160.15,0.9256,-1,-1,-1
52,5,785.30,22.65,29.03,34.99,0.5014,-1,-1,-1
52,3,576.71,31.60,32.68,80.31,0.6278,-1,-1,-1
52,2,611.65,33.43,29.26,82.40,0.8540,-1,-1,-1
52,1,317.35,60.94,51.30,160.66,0.9256,-1,-1,-1
53,5,785.32,22.59,28.97,35.04,0.5014,-1,-1,-1
53,3,577.37,31.63,32.44,79.39,0.6278,-1,-1,-1
53,2,612.40,34.24,29.42,82.92,0.8540,-1,-1,-1
53,1,320.38,61.36,56.04,159.75,0.9256,-1,-1,-1
54,5,785.32,22.51,28.98,35.11,0.5014,-1,-1,-1
54,3,577.81,31.95,32.96,79.28,0.6278,-1,-1,-1
54,2,613.38,34.45,29.31,82.90,0.8540,-1,-1,-1
54,1,323.63,61.53,58.96,160.22,0.9256,-1,-1,-1
55,5,785.52,22.51,28.80,35.13,0.5014,-1,-1,-1
55,3,581.17,31.92,29.68,78.18,0.6278,-1,-1,-1
55,2,613.68,34.82,30.41,81.83,0.8540,-1,-1,-1
55,1,325.80,61.90,62.99,159.48,0.9256,-1,-1,-1
56,5,785.45,22.44,28.85,35.13,0.5014,-1,-1,-1
56,3,582.75,31.62,28.64,79.50,0.6278,-1,-1,-1
56,2,613.26,35.29,32.43,81.67,0.8540,-1,-1,-1
56,1,327.08,61.90,65.44,158.91,0.9256,-1,-1,-1
57,5,785.46,22.58,28.82,34.98,0.5014,-1,-1,-1
57,3,583.26,31.09,28.64,80.80,0.6278,-1,-1,-1
57,2,613.10,35.67,34.68,81.09,0.8540,-1,-1,-1
57,1,328.44,61.40,67.55,157.89,0.9256,-1,-1,-1
58,5,785.40,22.62,28.85,34.96,0.5014,-1,-1,-1
58,3,584.17,30.84,28.05,80.70,0.6278,-1,-1,-1
58,2,612.59,35.89,36.84,80.91,0.8540,-1,-1,-1
58,1,330.77,60.85,66.95,157.80,0.9256,-1,-1,-1
59,5,785.39,22.59,28.86,34.98,0.5014,-1,-1,-1
59,3,585.64,30.14,28.08,80.75,0.6278,-1,-1,-1
59,2,612.85,37.18,38.11,79.74,0.8540,-1,-1,-1
59,1,337.64,59.48,61.58,152.42,0.9256,-1,-1,-1
60,5,785.38,22.56,28.89,35.04,0.5014,-1,-1,-1
60,3,587.39,29.97,27.51,78.75,0.6278,-1,-1,-1
60,2,613.45,36.88,39.69,79.99,0.8540,-1,-1,-1
60,1,341.27,58.57,58.50,153.43,0.9256,-1,-1,-1
61,5,785.54,22.63,28.70,34.92,0.5014,-1,-1,-1
61,3,588.81,29.46,27.02,80.41,0.6278,-1,-1,-1
61,2,615.59,36.93,39.38,79.84,0.8540,-1,-1,-1
61,1,343.83,57.61,55.83,153.35,0.9256,-1,-1,-1
62,5,785.49,22.58,28.74,34.93,0.5014,-1,-1,-1
62,3,589.46,29.57,27.65,81.42,0.6278,-1,-1,-1
62,2,619.77,36.73,36.66,79.91,0.8540,-1,-1,-1
62,1,347.31,56.13,51.68,153.88,0.9256,-1,-1,-1
63,5,785.47,22.56,28.77,34.97,0.5014,-1,-1,-1
63,3,590.81,29.99,27.16,80.31,0.6278,-1,-1,-1
63,2,618.40,36.42,39.59,80.53,0.8540,-1,-1,-1
63,1,350.48,55.83,47.91,152.18,0.9256,-1,-1,-1
64,3,592.08,30.09,26.92,78.08,0.6278,-1,-1,-1
64,2,622.19,36.36,36.66,80.83,0.8540,-1,-1,-1
64,1,353.31,56.10,45.66,151.55,0.9256,-1,-1,-1
65,3,592.10,30.55,27.37,78.85,0.6278,-1,-1,-1
65,2,626.00,36.01,34.39,81.27,0.8540,-1,-1,-1
65,1,356.52,56.15,43.45,150.75,0.9256,-1,-1,-1
66,3,592.39,31.14,29.21,77.45,0.6278,-1,-1,-1
66,2,630.15,36.01,31.78,81.40,0.8540,-1,-1,-1
66,1,359.13,55.57,47.28,150.90,0.9256,-1,-1,-1
67,3,590.83,31.81,31.74,77.45,0.6278,-1,-1,-1
67,2,631.70,35.92,31.72,81.60,0.8540,-1,-1,-1
67,1,360.68,55.32,52.94,150.41,0.9256,-1,-1,-1
68,3,592.51,32.50,30.92,75.96,0.6278,-1,-1,-1
68,2,632.87,36.11,30.96,81.25,0.8540,-1,-1,-1
68,1,360.74,56.75,56.99,148.63,0.9256,-1,-1,-1
69,3,595.05,32.23,29.57,76.24,0.6278,-1,-1,-1
69,2,634.25,36.30,29.90,81.07,0.8540,-1,-1,-1
69,1,361.01,56.80,59.54,148.57,0.9256,-1,-1,-1
70,3,595.56,31.93,30.98,76.53,0.6278,-1,-1,-1
70,2,635.41,36.56,29.29,80.81,0.8540,-1,-1,-1
70,1,361.49,56.52,57.56,147.18,0.9256,-1,-1,-1
71,3,599.42,32.14,28.22,76.08,0.6278,-1,-1,-1
71,2,636.00,36.70,29.29,80.35,0.8540,-1,-1,-1
71,1,363.21,57.08,55.05,146.15,0.9256,-1,-1,-1
72,3,601.35,31.44,29.26,76.45,0.6278,-1,-1,-1
72,2,637.38,36.78,29.13,79.50,0.8540,-1,-1,-1
72,1,371.57,55.59,49.79,143.50,0.9256,-1,-1,-1
73,3,603.35,30.73,28.13,76.34,0.6278,-1,-1,-1
73,2,637.64,36.67,28.97,79.76,0.8540,-1,-1,-1
73,1,377.36,54.39,46.29,142.75,0.9256,-1,-1,-1
74,3,603.86,29.92,29.43,77.40,0.6278,-1,-1,-1
74,2,638.19,36.06,28.49,79.96,0.8540,-1,-1,-1
74,1,381.18,53.60,44.79,143.12,0.9256,-1,-1,-1
75,3,605.30,29.20,29.87,78.01,0.6278,-1,-1,-1
75,2,639.20,35.86,27.57,79.81,0.8540,-1,-1,-1
75,1,386.66,52.59,42.49,143.59,0.9256,-1,-1,-1
76,3,604.86,28.95,31.72,78.33,0.6278,-1,-1,-1
76,2,640.01,35.66,27.35,79.60,0.8540,-1,-1,-1
76,1,390.25,51.18,42.33,144.58,0.9256,-1,-1,-1
77,3,605.06,29.08,31.54,78.54,0.6278,-1,-1,-1
77,2,641.08,35.35,26.58,79.38,0.8540,-1,-1,-1
77,1,392.33,50.72,45.33,144.58,0.9256,-1,-1,-1
78,3,606.54,29.02,30.75,78.08,0.6278,-1,-1,-1
78,2,642.12,35.42,26.04,77.88,0.8540,-1,-1,-1
78,1,394.87,50.31,47.81,145.14,0.9256,-1,-1,-1
79,3,606.67,28.97,31.22,77.15,0.6278,-1,-1,-1
79,2,642.73,35.13,25.85,77.25,0.8540,-1,-1,-1
79,1,396.77,51.05,51.03,143.93,0.9256,-1,-1,-1
80,3,606.90,28.91,31.75,77.30,0.6278,-1,-1,-1
80,2,643.35,34.63,25.43,78.10,0.8540,-1,-1,-1
80,1,400.35,51.72,52.31,142.66,0.9256,-1,-1,-1
81,3,607.68,29.00,31.68,77.66,0.6278,-1,-1,-1
81,2,644.24,34.43,24.87,78.39,0.8540,-1,-1,-1
81,1,402.44,52.65,54.37,142.19,0.9256,-1,-1,-1
82,4,230.15,26.83,35.50,101.93,0.5172,-1,-1,-1
82,3,608.48,28.98,31.59,77.35,0.6278,-1,-1,-1
82,2,645.03,34.35,24.81,78.80,0.8540,-1,-1,-1
82,1,404.74,52.43,55.92,142.14,0.9256,-1,-1,-1
83,4,232.01,27.42,33.64,101.59,0.5172,-1,-1,-1
83,3,610.06,28.89,31.28,77.17,0.6278,-1,-1,-1
83,2,645.15,34.75,25.65,77.92,0.8540,-1,-1,-1
83,1,405.62,52.04,57.97,140.43,0.9256,-1,-1,-1
84,4,235.21,26.23,31.15,100.05,0.5172,-1,-1,-1
84,3,611.39,28.87,30.25,77.22,0.6278,-1,-1,-1
84,2,645.52,35.07,26.34,77.35,0.8540,-1,-1,-1
84,1,407.60,50.96,57.96,140.97,0.9256,-1,-1,-1
85,4,238.68,25.91,28.27,94.79,0.5172,-1,-1,-1
85,3,613.11,29.21,31.01,77.95,0.6278,-1,-1,-1
85,2,645.16,35.51,27.56,76.98,0.8540,-1,-1,-1
85,1,410.72,49.71,56.30,140.03,0.9256,-1,-1,-1
86,3,615.27,28.95,29.47,78.40,0.6278,-1,-1,-1
86,2,645.27,36.09,28.64,76.45,0.8540,-1,-1,-1
86,1,415.05,49.84,52.33,136.45,0.9256,-1,-1,-1
87,3,616.28,29.07,28.82,77.18,0.6278,-1,-1,-1
87,2,645.64,36.55,29.37,76.07,0.8540,-1,-1,-1
87,1,418.10,48.58,48.98,136.23,0.9256,-1,-1,-1
88,3,617.31,29.26,28.17,76.18,0.6278,-1,-1,-1
88,2,645.16,36.45,30.95,75.91,0.8540,-1,-1,-1
88,1,420.70,48.38,45.73,134.85,0.9256,-1,-1,-1
89,3,618.86,29.04,27.17,76.00,0.6278,-1,-1,-1
89,2,645.40,36.08,31.86,76.21,0.8540,-1,-1,-1
89,1,423.05,47.90,43.00,135.97,0.9256,-1,-1,-1
90,3,619.84,28.30,26.51,77.43,0.6278,-1,-1,-1
90,2,646.32,35.70,32.12,76.91,0.8540,-1,-1,-1
90,1,424.95,47.77,41.66,136.55,0.9256,-1,-1,-1
91,3,619.87,27.87,28.00,77.48,0.6278,-1,-1,-1
91,2,647.33,35.43,32.44,76.82,0.8540,-1,-1,-1
91,1,426.43,47.59,40.94,136.41,0.9256,-1,-1,-1
92,3,620.61,28.31,27.57,75.53,0.6278,-1,-1,-1
92,2,648.71,35.33,31.92,76.20,0.8540,-1,-1,-1
92,1,427.49,47.89,41.95,134.95,0.9256,-1,-1,-1
93,6,837.33,40.52,18.66,46.05,0.5760,-1,-1,-1
93,3,621.05,28.31,27.76,75.60,0.6278,-1,-1,-1
93,2,651.25,35.31,30.97,76.39,0.8540,-1,-1,-1
93,1,428.10,48.45,47.89,133.83,0.9256,-1,-1,-1
94,6,836.57,40.93,19.28,45.63,0.5760,-1,-1,-1
94,3,620.39,28.80,29.94,74.70,0.6278,-1,-1,-1
94,2,654.28,34.91,29.27,76.61,0.8540,-1,-1,-1
94,1,428.29,48.92,52.53,132.12,0.9256,-1,-1,-1
95,6,835.17,41.08,20.41,46.44,0.5760,-1,-1,-1
95,3,621.72,29.58,29.94,73.39,0.6278,-1,-1,-1
95,2,656.08,34.46,28.63,76.93,0.8540,-1,-1,-1
95,1,428.13,48.68,55.23,132.08,0.9256,-1,-1,-1
96,6,833.51,41.29,20.74,46.92,0.5760,-1,-1,-1
96,3,621.54,31.00,32.55,72.86,0.6278,-1,-1,-1
96,2,657.92,34.40,27.55,76.41,0.8540,-1,-1,-1
96,1,429.19,51.59,55.70,128.89,0.9256,-1,-1,-1
97,6,832.67,41.46,20.62,47.64,0.5760,-1,-1,-1
97,3,621.66,31.52,33.00,71.85,0.6278,-1,-1,-1
97,2,658.88,34.64,27.70,76.15,0.8540,-1,-1,-1
97,1,432.12,52.47,52.76,127.19,0.9256,-1,-1,-1
98,6,831.70,41.70,20.70,47.70,0.5760,-1,-1,-1
98,3,623.33,31.49,32.80,71.93,0.6278,-1,-1,-1
98,2,660.10,35.17,26.99,75.47,0.8540,-1,-1,-1
98,1,436.99,53.00,49.25,125.17,0.9256,-1,-1,-1
99,6,831.10,41.84,20.15,48.36,0.5760,-1,-1,-1
99,3,627.74,31.63,30.03,71.06,0.6278,-1,-1,-1
99,2,660.63,35.37,26.91,74.83,0.8540,-1,-1,-1
99,1,441.56,54.73,46.58,121.99,0.9256,-1,-1,-1
100,6,830.54,41.85,20.16,49.35,0.5760,-1,-1,-1
100,3,632.07,31.21,27.40,71.38,0.6278,-1,-1,-1
100,2,661.09,35.65,26.65,74.39,0.8540,-1,-1,-1
100,1,446.42,50.21,44.44,125.67,0.9256,-1,-1,-1
101,6,829.57,41.61,20.35,49.91,0.5760,-1,-1,-1
101,3,634.93,30.99,25.66,70.28,0.6278,-1,-1,-1
101,2,661.74,35.61,26.44,74.51,0.8540,-1,-1,-1
101,1,451.95,50.91,42.40,124.43,0.9256,-1,-1,-1
102,6,828.96,41.39,19.69,50.89,0.5760,-1,-1,-1
102,3,631.77,30.46,29.53,71.00,0.6278,-1,-1,-1
102,2,662.34,35.38,26.43,74.80,0.8540,-1,-1,-1
102,1,456.93,50.98,42.08,125.21,0.9256,-1,-1,-1
103,6,827.79,41.19,19.84,51.43,0.5760,-1,-1,-1
103,3,632.05,29.50,30.81,72.11,0.6278,-1,-1,-1
103,2,663.23,35.09,26.10,74.58,0.8540,-1,-1,-1
103,1,461.28,49.14,41.73,126.43,0.9256,-1,-1,-1
104,6,826.46,41.55,20.42,52.05,0.5760,-1,-1,-1
104,3,633.35,29.11,30.58,72.22,0.6278,-1,-1,-1
104,2,663.44,34.51,26.65,74.92,0.8540,-1,-1,-1
104,1,462.13,49.46,45.48,126.96,0.9256,-1,-1,-1
105,6,825.41,42.37,20.92,50.52,0.5760,-1,-1,-1
105,3,635.87,29.01,29.06,73.01,0.6278,-1,-1,-1
105,2,664.75,34.15,25.60,74.55,0.8540,-1,-1,-1
105,1,463.17,51.71,47.72,122.30,0.9256,-1,-1,-1
106,6,824.19,43.06,21.51,50.77,0.5760,-1,-1,-1
106,3,636.97,29.23,28.59,72.47,0.6278,-1,-1,-1
106,2,666.08,34.25,24.70,73.55,0.8540,-1,-1,-1
106,1,464.66,50.45,49.07,123.66,0.9256,-1,-1,-1
107,6,823.16,43.12,21.13,50.29,0.5760,-1,-1,-1
107,3,637.41,29.43,28.54,72.28,0.6278,-1,-1,-1
107,2,667.23,33.54,23.90,73.88,0.8540,-1,-1,-1
107,1,467.98,55.98,47.96,116.98,0.9256,-1,-1,-1
108,6,822.05,43.34,21.48,50.10,0.5760,-1,-1,-1
108,3,638.36,29.90,28.47,70.71,0.6278,-1,-1,-1
108,2,668.08,33.27,23.13,74.50,0.8540,-1,-1,-1
108,1,467.36,54.39,50.87,118.69,0.9256,-1,-1,-1
109,6,820.64,43.40,22.06,53.05,0.5760,-1,-1,-1
109,3,638.51,30.46,28.55,70.33,0.6278,-1,-1,-1
109,2,668.32,33.60,23.85,74.32,0.8540,-1,-1,-1
109,1,468.58,54.61,51.65,118.90,0.9256,-1,-1,-1
110,7,0.18,135.58,57.69,190.57,0.7757,-1,-1,-1
110,6,819.38,43.44,22.32,53.42,0.5760,-1,-1,-1
110,3,638.23,30.49,29.26,70.47,0.6278,-1,-1,-1
110,2,668.71,33.65,24.49,74.72,0.8540,-1,-1,-1
110,1,469.59,52.86,51.50,120.56,0.9256,-1,-1,-1
111,7,0.00,133.65,59.90,191.98,0.7757,-1,-1,-1
111,6,818.73,43.59,21.78,53.76,0.5760,-1,-1,-1
111,3,639.03,30.61,29.79,70.96,0.6278,-1,-1,-1
111,2,669.67,33.90,24.14,72.95,0.8540,-1,-1,-1
111,1,471.86,54.09,49.79,117.91,0.9256,-1,-1,-1
112,7,0.03,133.34,59.77,195.83,0.7757,-1,-1,-1
112,6,817.91,43.92,21.75,53.63,0.5760,-1,-1,-1
112,3,640.62,30.48,28.85,70.05,0.6278,-1,-1,-1
112,2,669.64,34.11,25.04,72.33,0.8540,-1,-1,-1
112,1,475.31,48.34,46.17,122.46,0.9256,-1,-1,-1
113,7,0.04,132.95,59.19,193.57,0.7757,-1,-1,-1
113,6,816.53,44.43,22.09,54.20,0.5760,-1,-1,-1
113,3,641.86,30.45,28.41,70.65,0.6278,-1,-1,-1
113,2,669.91,34.68,25.29,71.26,0.8540,-1,-1,-1
113,1,477.51,46.51,43.80,122.84,0.9256,-1,-1,-1
114,7,0.07,130.68,58.25,196.46,0.7757,-1,-1,-1
114,6,815.49,44.13,22.12,55.08,0.5760,-1,-1,-1
114,3,643.51,29.97,29.09,71.43,0.6278,-1,-1,-1
114,2,670.20,34.32,26.06,72.00,0.8540,-1,-1,-1
114,1,479.49,47.62,41.76,119.68,0.9256,-1,-1,-1
115,7,0.00,128.19,56.77,207.23,0.7757,-1,-1,-1
115,6,814.24,44.67,22.47,55.38,0.5760,-1,-1,-1
115,3,643.77,29.57,30.24,72.42,0.6278,-1,-1,-1
115,2,670.04,34.38,27.10,72.29,0.8540,-1,-1,-1
115,1,482.78,48.59,38.50,118.58,0.9256,-1,-1,-1
116,7,0.77,126.90,57.54,204.31,0.7757,-1,-1,-1
116,6,813.16,45.06,22.57,55.65,0.5760,-1,-1,-1
116,3,645.14,29.45,29.47,72.35,0.6278,-1,-1,-1
116,2,670.15,34.49,28.40,71.85,0.8540,-1,-1,-1
116,1,484.21,50.92,36.80,117.02,0.9256,-1,-1,-1
117,7,8.21,125.47,56.17,201.70,0.7757,-1,-1,-1
117,6,811.99,45.57,22.82,55.76,0.5760,-1,-1,-1
117,3,646.40,29.05,29.26,72.55,0.6278,-1,-1,-1
117,2,670.65,34.85,29.41,71.53,0.8540,-1,-1,-1
117,1,485.26,48.78,36.37,118.61,0.9256,-1,-1,-1
118,7,12.27,124.41,58.42,200.54,0.7757,-1,-1,-1
118,6,811.06,45.58,22.45,56.57,0.5760,-1,-1,-1
118,3,646.76,28.48,29.90,73.44,0.6278,-1,-1,-1
118,2,671.25,34.85,29.96,71.22,0.8540,-1,-1,-1
118,1,485.25,47.65,37.77,118.04,0.9256,-1,-1,-1
119,7,18.26,124.06,62.45,200.19,0.7757,-1,-1,-1
119,6,810.47,45.78,22.16,57.78,0.5760,-1,-1,-1
119,3,647.96,28.65,28.75,73.51,0.6278,-1,-1,-1
119,2,673.27,34.39,29.17,70.95,0.8540,-1,-1,-1
119,1,486.42,48.26,38.77,116.89,0.9256,-1,-1,-1
120,7,28.73,123.70,83.08,199.99,0.7757,-1,-1,-1
120,6,807.53,45.94,22.63,58.69,0.5760,-1,-1,-1
120,3,651.05,28.62,25.55,70.67,0.6278,-1,-1,-1
120,2,678.34,34.18,26.32,70.31,0.8540,-1,-1,-1
120,1,489.24,47.32,41.13,117.38,0.9256,-1,-1,-1
121,7,31.21,123.97,90.22,199.25,0.7757,-1,-1,-1
121,6,806.51,46.94,22.14,59.20,0.5760,-1,-1,-1
121,3,651.34,28.87,26.47,69.97,0.6278,-1,-1,-1
121,2,679.08,33.83,26.89,70.82,0.8540,-1,-1,-1
121,1,489.98,46.63,40.77,118.43,0.9256,-1,-1,-1
122,7,32.78,123.90,91.87,199.11,0.7757,-1,-1,-1
122,6,804.42,47.00,22.53,59.35,0.5760,-1,-1,-1
122,3,651.56,29.18,27.98,69.84,0.6278,-1,-1,-1
122,2,680.01,33.76,26.47,71.04,0.8540,-1,-1,-1
122,1,490.48,46.02,40.59,118.43,0.9256,-1,-1,-1
123,7,34.07,124.31,90.38,198.62,0.7757,-1,-1,-1
123,6,801.97,47.38,23.80,60.39,0.5760,-1,-1,-1
123,3,651.27,29.59,28.66,69.30,0.6278,-1,-1,-1
123,2,681.14,33.81,25.91,70.98,0.8540,-1,-1,-1
123,1,491.97,45.31,40.82,117.85,0.9256,-1,-1,-1
124,7,34.80,124.24,90.41,198.25,0.7757,-1,-1,-1
124,6,799.98,47.79,25.42,62.03,0.5760,-1,-1,-1
124,3,651.41,30.18,29.33,68.78,0.6278,-1,-1,-1
124,2,682.18,34.40,25.49,70.28,0.8540,-1,-1,-1
124,1,494.13,44.80,40.50,117.55,0.9256,-1,-1,-1
125,7,39.75,122.20,85.32,193.05,0.7757,-1,-1,-1
125,6,797.93,47.96,25.91,61.66,0.5760,-1,-1,-1
125,3,651.02,30.51,30.54,69.21,0.6278,-1,-1,-1
125,2,683.00,34.35,25.35,70.95,0.8540,-1,-1,-1
125,1,497.27,46.80,39.00,113.51,0.9256,-1,-1,-1
126,7,46.58,119.73,77.70,191.95,0.7757,-1,-1,-1
126,6,796.42,47.84,25.72,63.49,0.5760,-1,-1,-1
126,3,650.35,30.92,32.68,69.07,0.6278,-1,-1,-1
126,2,683.63,34.64,24.90,70.91,0.8540,-1,-1,-1
126,1,499.53,48.18,38.55,111.61,0.9256,-1,-1,-1
127,7,54.66,117.21,69.49,191.33,0.7757,-1,-1,-1
127,6,794.31,48.57,26.80,62.67,0.5760,-1,-1,-1
127,3,650.40,31.12,34.08,68.85,0.6278,-1,-1,-1
127,2,684.04,35.34,25.07,69.94,0.8540,-1,-1,-1
127,1,500.86,44.83,38.83,114.66,0.9256,-1,-1,-1
128,7,65.11,115.27,61.11,192.08,0.7757,-1,-1,-1
128,6,792.88,47.11,27.29,65.34,0.5760,-1,-1,-1
128,3,651.69,31.28,34.20,68.55,0.6278,-1,-1,-1
128,2,684.55,34.91,25.03,70.29,0.8540,-1,-1,-1
128,1,500.63,48.97,41.24,110.37,0.9256,-1,-1,-1
129,7,69.01,116.06,66.11,190.58,0.7757,-1,-1,-1
129,6,791.67,47.50,27.42,64.68,0.5760,-1,-1,-1
129,3,653.71,31.03,33.27,68.14,0.6278,-1,-1,-1
129,2,684.88,35.03,24.76,69.88,0.8540,-1,-1,-1
129,1,500.44,48.75,43.99,109.94,0.9256,-1,-1,-1
130,7,69.21,115.15,73.14,191.05,0.7757,-1,-1,-1
130,6,789.26,47.55,27.95,67.00,0.5760,-1,-1,-1
130,3,656.26,30.30,31.50,68.69,0.6278,-1,-1,-1
130,2,685.43,34.26,24.77,70.80,0.8540,-1,-1,-1
130,1,500.21,53.82,46.84,104.71,0.9256,-1,-1,-1
131,7,69.51,114.87,78.55,191.87,0.7757,-1,-1,-1
131,6,787.13,48.54,28.37,65.56,0.5760,-1,-1,-1
131,3,657.98,29.92,30.68,68.94,0.6278,-1,-1,-1
131,2,685.86,33.95,24.62,71.32,0.8540,-1,-1,-1
131,1,500.21,52.10,49.44,106.50,0.9256,-1,-1,-1
132,7,70.14,114.86,84.39,191.80,0.7757,-1,-1,-1
132,6,785.67,49.00,29.18,66.26,0.5760,-1,-1,-1
132,3,660.22,29.31,29.05,69.03,0.6278,-1,-1,-1
132,2,686.91,33.81,24.25,71.01,0.8540,-1,-1,-1
132,1,500.36,48.59,51.15,110.30,0.9256,-1,-1,-1
133,7,72.65,114.49,86.55,192.11,0.7757,-1,-1,-1
133,6,784.00,48.09,29.33,69.05,0.5760,-1,-1,-1
133,3,660.90,29.21,28.72,68.73,0.6278,-1,-1,-1
133,2,687.66,33.47,23.72,70.59,0.8540,-1,-1,-1
133,1,500.68,43.81,51.60,115.39,0.9256,-1,-1,-1
134,7,75.88,114.23,86.34,192.77,0.7757,-1,-1,-1
134,6,782.71,51.04,29.33,66.49,0.5760,-1,-1,-1
134,3,661.93,28.80,28.41,68.69,0.6278,-1,-1,-1
134,2,688.45,33.28,23.13,69.85,0.8540,-1,-1,-1
134,1,501.29,47.71,52.31,111.17,0.9256,-1,-1,-1
135,7,81.12,113.86,87.97,192.65,0.7757,-1,-1,-1
135,6,780.56,51.94,29.43,68.01,0.5760,-1,-1,-1
135,3,662.87,28.98,27.82,68.57,0.6278,-1,-1,-1
135,2,689.12,32.66,22.56,70.12,0.8540,-1,-1,-1
135,1,502.17,44.81,51.48,113.85,0.9256,-1,-1,-1
136,7,86.90,113.28,87.12,193.37,0.7757,-1,-1,-1
136,6,778.54,52.14,30.10,69.17,0.5760,-1,-1,-1
136,3,663.39,28.90,27.77,68.09,0.6278,-1,-1,-1
136,2,689.68,32.26,22.48,70.41,0.8540,-1,-1,-1
136,1,503.72,40.68,49.69,116.53,0.9256,-1,-1,-1
137,7,93.64,112.09,81.36,193.24,0.7757,-1,-1,-1
137,6,776.48,51.64,30.03,71.61,0.5760,-1,-1,-1
137,3,663.49,29.13,27.96,67.91,0.6278,-1,-1,-1
137,2,689.92,32.08,22.80,70.43,0.8540,-1,-1,-1
137,1,505.08,44.22,47.47,111.18,0.9256,-1,-1,-1
138,7,98.91,111.70,76.56,190.96,0.7757,-1,-1,-1
138,6,774.67,51.71,29.91,71.97,0.5760,-1,-1,-1
138,3,664.86,29.69,27.97,67.03,0.6278,-1,-1,-1
138,2,690.35,32.33,22.77,69.99,0.8540,-1,-1,-1
138,1,506.62,46.93,44.99,107.00,0.9256,-1,-1,-1
139,7,108.18,110.82,68.94,188.69,0.7757,-1,-1,-1
139,6,773.16,52.60,30.06,72.35,0.5760,-1,-1,-1
139,3,666.23,30.07,27.65,67.88,0.6278,-1,-1,-1
139,2,690.85,32.59,22.86,69.41,0.8540,-1,-1,-1
139,1,509.05,46.61,40.94,104.98,0.9256,-1,-1,-1
140,7,114.96,109.57,66.88,185.77,0.7757,-1,-1,-1
140,6,770.95,54.29,30.57,70.81,0.5760,-1,-1,-1
140,3,667.15,30.61,27.48,67.58,0.6278,-1,-1,-1
140,2,691.68,33.27,23.02,68.23,0.8540,-1,-1,-1
140,1,510.92,45.61,37.92,104.17,0.9256,-1,-1,-1
141,7,120.19,106.54,67.07,184.95,0.7757,-1,-1,-1
141,6,768.84,54.81,30.91,72.02,0.5760,-1,-1,-1
141,3,668.32,31.30,26.67,67.33,0.6278,-1,-1,-1
141,2,691.97,33.26,23.69,68.05,0.8540,-1,-1,-1
141,1,512.55,44.81,35.39,105.29,0.9256,-1,-1,-1
142,7,125.10,104.48,68.38,181.78,0.7757,-1,-1,-1
142,6,766.39,55.45,31.73,71.38,0.5760,-1,-1,-1
142,3,668.80,31.20,27.26,67.96,0.6278,-1,-1,-1
142,2,693.11,34.11,23.76,67.16,0.8540,-1,-1,-1
142,1,513.83,45.86,33.75,103.91,0.9256,-1,-1,-1
143,7,128.86,103.56,70.83,181.07,0.7757,-1,-1,-1
143,6,763.93,56.29,32.02,72.31,0.5760,-1,-1,-1
143,3,670.40,31.21,26.83,68.22,0.6278,-1,-1,-1
143,2,693.48,34.46,24.17,67.08,0.8540,-1,-1,-1
143,1,513.53,45.21,33.70,104.01,0.9256,-1,-1,-1
144,7,137.89,102.31,72.21,179.44,0.7757,-1,-1,-1
144,6,759.94,58.67,32.19,71.20,0.5760,-1,-1,-1
144,3,672.01,30.18,26.64,68.89,0.6278,-1,-1,-1
144,2,694.77,33.57,24.57,67.46,0.8540,-1,-1,-1
144,1,513.85,44.35,33.27,103.78,0.9256,-1,-1,-1
145,7,143.32,101.74,70.75,179.23,0.7757,-1,-1,-1
145,3,672.74,29.92,26.83,68.12,0.6278,-1,-1,-1
145,2,695.49,33.35,24.77,67.74,0.8540,-1,-1,-1
145,1,514.84,44.80,32.31,102.36,0.9256,-1,-1,-1
146,7,147.63,101.51,74.01,179.50,0.7757,-1,-1,-1
146,3,674.32,29.20,26.17,69.23,0.6278,-1,-1,-1
146,2,696.39,33.06,25.17,67.78,0.8540,-1,-1,-1
146,1,514.54,43.97,32.78,103.42,0.9256,-1,-1,-1
147,7,151.36,101.46,75.66,180.30,0.7757,-1,-1,-1
147,3,675.09,28.63,26.10,68.97,0.6278,-1,-1,-1
147,2,697.77,32.67,24.32,67.67,0.8540,-1,-1,-1
147,1,514.82,42.73,32.80,103.76,0.9256,-1,-1,-1
148,7,152.63,101.55,78.16,179.24,0.7757,-1,-1,-1
148,6,750.43,60.03,33.03,76.05,0.5760,-1,-1,-1
148,3,675.84,28.50,25.64,68.80,0.6278,-1,-1,-1
148,2,698.51,32.53,24.15,67.65,0.8540,-1,-1,-1
148,1,514.62,44.79,33.02,101.41,0.9256,-1,-1,-1
149,7,153.12,101.31,77.92,179.03,0.7757,-1,-1,-1
149,6,747.47,60.54,34.68,78.03,0.5760,-1,-1,-1
149,3,676.70,28.61,25.14,67.32,0.6278,-1,-1,-1
149,2,698.91,32.77,24.43,67.66,0.8540,-1,-1,-1
149,1,515.15,44.10,32.94,100.47,0.9256,-1,-1,-1
150,7,153.96,101.00,76.65,178.80,0.7757,-1,-1,-1
150,6,744.28,61.45,34.87,80.56,0.5760,-1,-1,-1
150,3,678.01,28.65,24.70,67.88,0.6278,-1,-1,-1
150,2,699.62,32.22,24.35,68.02,0.8540,-1,-1,-1
150,1,514.86,43.62,33.43,98.85,0.9256,-1,-1,-1
151,7,156.15,100.19,73.98,178.87,0.7757,-1,-1,-1
151,6,741.86,62.52,35.44,82.28,0.5760,-1,-1,-1
151,3,678.37,28.67,25.11,68.37,0.6278,-1,-1,-1
151,2,700.48,32.17,23.97,67.82,0.8540,-1,-1,-1
151,1,514.68,42.30,34.38,99.18,0.9256,-1,-1,-1
152,8,21.21,56.95,28.98,101.26,0.5188,-1,-1,-1
152,7,159.79,99.25,70.42,174.32,0.7757,-1,-1,-1
152,6,738.80,63.60,36.15,82.60,0.5760,-1,-1,-1
152,3,678.44,29.80,25.94,66.88,0.6278,-1,-1,-1
152,2,701.35,33.09,23.52,67.08,0.8540,-1,-1,-1
152,1,513.27,41.69,36.05,100.65,0.9256,-1,-1,-1
153,8,23.94,56.11,26.60,100.00,0.5188,-1,-1,-1
153,7,166.66,96.77,65.31,173.93,0.7757,-1,-1,-1
153,6,736.22,63.73,35.82,85.32,0.5760,-1,-1,-1
153,3,678.87,29.99,26.22,66.34,0.6278,-1,-1,-1
153,2,702.18,33.06,22.93,66.88,0.8540,-1,-1,-1
153,1,512.36,39.12,37.04,100.45,0.9256,-1,-1,-1
154,8,26.46,54.60,27.47,100.42,0.5188,-1,-1,-1
154,7,174.82,96.28,60.81,172.28,0.7757,-1,-1,-1
154,6,734.25,64.09,35.59,87.78,0.5760,-1,-1,-1
154,3,678.57,30.30,27.33,66.49,0.6278,-1,-1,-1
154,2,702.68,33.09,22.93,66.72,0.8540,-1,-1,-1
154,1,512.17,38.82,37.35,99.56,0.9256,-1,-1,-1
155,8,28.75,53.97,28.44,101.49,0.5188,-1,-1,-1
155,7,182.38,95.55,57.72,171.92,0.7757,-1,-1,-1
155,6,730.37,65.46,36.95,88.02,0.5760,-1,-1,-1
155,3,678.49,30.65,27.86,65.94,0.6278,-1,-1,-1
155,2,702.73,33.75,23.65,65.90,0.8540,-1,-1,-1
155,1,511.50,36.61,37.88,102.24,0.9256,-1,-1,-1
156,8,31.24,53.67,29.46,100.03,0.5188,-1,-1,-1
156,7,185.91,94.73,59.45,171.95,0.7757,-1,-1,-1
156,6,727.30,66.23,37.40,88.69,0.5760,-1,-1,-1
156,3,678.53,30.61,28.81,66.12,0.6278,-1,-1,-1
156,2,702.86,34.29,23.96,65.71,0.8540,-1,-1,-1
156,1,511.46,37.39,38.04,101.85,0.9256,-1,-1,-1
157,8,33.81,53.27,31.06,101.32,0.5188,-1,-1,-1
157,7,187.93,94.04,63.92,172.78,0.7757,-1,-1,-1
157,6,722.93,66.93,39.11,89.19,0.5760,-1,-1,-1
157,3,679.84,30.67,27.71,65.41,0.6278,-1,-1,-1
157,2,703.15,33.99,23.94,66.00,0.8540,-1,-1,-1
157,1,510.83,35.99,38.09,103.04,0.9256,-1,-1,-1
158,8,36.70,52.96,32.47,105.72,0.5188,-1,-1,-1
158,7,189.07,93.27,67.85,173.91,0.7757,-1,-1,-1
158,6,719.38,67.45,40.22,88.49,0.5760,-1,-1,-1
158,3,681.03,30.63,27.23,65.37,0.6278,-1,-1,-1
158,2,703.93,32.73,23.73,67.11,0.8540,-1,-1,-1
158,1,510.33,37.20,37.67,101.41,0.9256,-1,-1,-1
159,8,38.57,52.77,33.58,101.83,0.5188,-1,-1,-1
159,7,191.19,93.06,71.77,173.65,0.7757,-1,-1,-1
159,6,715.80,68.94,41.06,87.47,0.5760,-1,-1,-1
159,3,681.99,29.88,27.03,64.72,0.6278,-1,-1,-1
159,2,704.57,32.54,23.53,67.15,0.8540,-1,-1,-1
159,1,509.43,37.49,37.82,100.57,0.9256,-1,-1,-1
160,8,40.33,52.81,35.18,101.82,0.5188,-1,-1,-1
160,7,194.98,93.20,72.52,173.62,0.7757,-1,-1,-1
160,6,712.79,70.00,41.13,82.34,0.5760,-1,-1,-1
160,3,683.41,29.33,26.42,64.53,0.6278,-1,-1,-1
160,2,705.56,32.08,23.03,67.36,0.8540,-1,-1,-1
160,1,508.92,33.86,37.29,104.07,0.9256,-1,-1,-1
161,8,42.00,51.93,39.17,107.82,0.5188,-1,-1,-1
161,7,198.37,92.86,73.23,173.75,0.7757,-1,-1,-1
161,3,685.45,28.98,25.31,64.45,0.6278,-1,-1,-1
161,2,706.32,32.24,22.82,65.00,0.8540,-1,-1,-1
161,1,509.23,33.42,35.64,104.25,0.9256,-1,-1,-1
162,7,201.84,92.66,73.35,173.51,0.7757,-1,-1,-1
162,3,687.20,29.01,24.28,64.50,0.6278,-1,-1,-1
162,2,705.14,32.17,24.25,63.18,0.8540,-1,-1,-1
162,1,509.29,33.59,34.24,102.99,0.9256,-1,-1,-1
163,7,206.62,91.68,70.80,174.35,0.7757,-1,-1,-1
163,3,688.12,28.78,23.45,65.22,0.6278,-1,-1,-1
163,1,508.79,33.82,33.49,101.09,0.9256,-1,-1,-1
164,7,210.64,90.77,68.62,174.39,0.7757,-1,-1,-1
164,3,688.89,28.91,23.52,65.25,0.6278,-1,-1,-1
164,1,508.31,32.64,32.78,102.56,0.9256,-1,-1,-1
165,7,215.16,90.25,65.14,172.76,0.7757,-1,-1,-1
165,3,689.99,28.44,23.02,64.81,0.6278,-1,-1,-1
165,1,507.71,31.25,32.63,102.29,0.9256,-1,-1,-1
166,7,221.20,89.07,59.78,170.94,0.7757,-1,-1,-1
166,3,690.98,28.58,22.43,63.47,0.6278,-1,-1,-1
166,1,507.09,31.01,31.41,101.54,0.9256,-1,-1,-1
167,7,227.61,87.87,53.29,169.14,0.7757,-1,-1,-1
167,3,691.33,29.20,22.85,62.04,0.6278,-1,-1,-1
167,1,506.57,31.61,31.55,101.16,0.9256,-1,-1,-1
168,7,236.38,84.92,47.57,166.02,0.7757,-1,-1,-1
168,6,672.67,80.70,51.81,99.58,0.5760,-1,-1,-1
168,3,693.42,29.74,22.83,59.54,0.6278,-1,-1,-1
168,1,505.74,31.50,30.16,100.31,0.9256,-1,-1,-1
169,7,239.80,83.70,47.67,165.33,0.7757,-1,-1,-1
169,6,668.15,82.72,52.22,104.40,0.5760,-1,-1,-1
169,3,694.00,30.00,22.65,59.45,0.6278,-1,-1,-1
169,2,714.35,34.04,21.19,62.11,0.8540,-1,-1,-1
169,1,505.18,34.62,30.07,96.97,0.9256,-1,-1,-1
170,7,243.34,83.92,46.53,164.51,0.7757,-1,-1,-1
170,6,662.83,84.28,54.38,107.43,0.5760,-1,-1,-1
170,3,693.94,29.86,24.46,65.97,0.6278,-1,-1,-1
170,2,715.07,34.65,21.50,62.68,0.8540,-1,-1,-1
170,1,505.49,35.54,29.20,96.46,0.9256,-1,-1,-1
171,7,246.76,83.81,49.19,163.00,0.7757,-1,-1,-1
171,6,658.44,86.29,54.12,112.57,0.5760,-1,-1,-1
171,3,694.60,29.86,23.98,66.08,0.6278,-1,-1,-1
171,2,713.98,34.81,23.39,62.74,0.8540,-1,-1,-1
171,1,503.97,36.34,30.17,95.54,0.9256,-1,-1,-1
172,7,249.37,83.98,58.10,162.65,0.7757,-1,-1,-1
172,6,654.36,86.95,54.83,113.15,0.5760,-1,-1,-1
172,3,695.00,29.95,23.17,65.94,0.6278,-1,-1,-1
172,2,713.27,33.73,25.33,63.83,0.8540,-1,-1,-1
172,1,503.35,33.07,30.02,98.83,0.9256,-1,-1,-1
173,7,251.15,83.85,64.56,162.73,0.7757,-1,-1,-1
173,6,648.17,88.07,55.98,116.09,0.5760,-1,-1,-1
173,3,695.44,29.57,22.79,64.03,0.6278,-1,-1,-1
173,2,713.62,33.58,26.39,63.66,0.8540,-1,-1,-1
173,1,502.51,33.96,30.37,97.29,0.9256,-1,-1,-1
174,7,251.54,83.69,67.70,162.73,0.7757,-1,-1,-1
174,6,641.23,89.87,58.36,115.00,0.5760,-1,-1,-1
174,3,695.41,29.53,23.11,64.09,0.6278,-1,-1,-1
174,2,716.27,33.21,24.59,63.95,0.8540,-1,-1,-1
174,1,501.33,31.34,30.08,99.55,0.9256,-1,-1,-1
175,7,252.46,83.87,67.80,162.35,0.7757,-1,-1,-1
175,6,636.63,92.63,58.74,114.06,0.5760,-1,-1,-1
175,3,695.57,29.56,23.35,63.87,0.6278,-1,-1,-1
175,2,717.32,32.80,24.87,64.07,0.8540,-1,-1,-1
175,1,500.47,29.85,30.30,99.66,0.9256,-1,-1,-1
176,8,92.70,47.95,28.19,95.02,0.5188,-1,-1,-1
176,7,253.25,83.82,65.73,161.76,0.7757,-1,-1,-1
176,6,629.51,95.26,60.93,115.26,0.5760,-1,-1,-1
176,3,695.74,29.11,23.20,63.98,0.6278,-1,-1,-1
176,2,718.23,32.79,24.87,64.50,0.8540,-1,-1,-1
176,1,499.96,28.50,30.19,99.88,0.9256,-1,-1,-1
177,8,95.97,47.46,27.14,95.14,0.5188,-1,-1,-1
177,7,255.00,83.43,63.36,162.26,0.7757,-1,-1,-1
177,6,623.50,97.97,61.72,110.78,0.5760,-1,-1,-1
177,3,695.81,28.85,23.41,63.58,0.6278,-1,-1,-1
177,2,719.34,32.93,24.10,64.50,0.8540,-1,-1,-1
177,1,498.93,27.01,30.36,99.04,0.9256,-1,-1,-1
178,8,98.94,45.96,26.34,95.69,0.5188,-1,-1,-1
178,7,258.31,82.59,60.37,158.94,0.7757,-1,-1,-1
178,6,615.92,100.53,63.78,110.85,0.5760,-1,-1,-1
178,3,696.11,28.77,23.92,63.43,0.6278,-1,-1,-1
178,2,720.42,32.79,23.45,64.26,0.8540,-1,-1,-1
178,1,497.57,26.02,30.78,99.77,0.9256,-1,-1,-1
179,8,101.65,44.77,27.02,96.68,0.5188,-1,-1,-1
179,7,262.87,81.63,57.17,157.92,0.7757,-1,-1,-1
179,6,608.00,102.56,66.90,110.17,0.5760,-1,-1,-1
179,3,696.64,28.79,24.03,62.99,0.6278,-1,-1,-1
179,2,721.23,32.43,23.36,64.25,0.8540,-1,-1,-1
179,1,495.30,26.09,32.39,97.50,0.9256,-1,-1,-1
180,8,103.99,45.00,25.71,96.15,0.5188,-1,-1,-1
180,7,268.37,80.54,55.01,156.25,0.7757,-1,-1,-1
180,3,697.57,28.77,24.10,62.80,0.6278,-1,-1,-1
180,2,721.83,32.53,22.90,64.16,0.8540,-1,-1,-1
180,1,494.30,25.07,33.15,97.40,0.9256,-1,-1,-1
181,8,106.14,45.08,27.52,94.59,0.5188,-1,-1,-1
181,7,274.71,80.11,54.43,155.91,0.7757,-1,-1,-1
181,3,698.08,29.22,24.38,62.18,0.6278,-1,-1,-1
181,2,722.10,32.91,22.86,63.65,0.8540,-1,-1,-1
181,1,493.91,24.19,32.94,97.62,0.9256,-1,-1,-1
182,8,108.37,44.42,29.43,94.03,0.5188,-1,-1,-1
182,7,281.45,79.75,54.70,156.16,0.7757,-1,-1,-1
182,3,698.36,29.80,24.33,61.87,0.6278,-1,-1,-1
182,2,722.24,33.18,23.05,63.43,0.8540,-1,-1,-1
182,1,493.67,23.30,32.10,98.93,0.9256,-1,-1,-1
183,8,110.59,44.74,30.08,94.24,0.5188,-1,-1,-1
183,7,283.69,78.91,57.31,155.88,0.7757,-1,-1,-1
183,3,698.64,29.91,24.63,61.89,0.6278,-1,-1,-1
183,2,723.03,33.10,22.57,63.46,0.8540,-1,-1,-1
183,1,493.80,24.82,30.85,97.70,0.9256,-1,-1,-1
184,7,284.55,79.62,61.76,155.69,0.7757,-1,-1,-1
184,6,568.69,116.95,76.75,131.46,0.5760,-1,-1,-1
184,3,698.78,30.06,25.02,61.92,0.6278,-1,-1,-1
184,2,723.34,33.03,22.49,63.34,0.8540,-1,-1,-1
184,1,493.86,24.46,29.69,97.35,0.9256,-1,-1,-1
185,7,286.95,79.79,63.88,154.87,0.7757,-1,-1,-1
185,6,560.76,120.49,77.14,140.53,0.5760,-1,-1,-1
185,3,699.08,30.21,25.48,61.40,0.6278,-1,-1,-1
185,2,723.57,32.19,22.70,64.17,0.8540,-1,-1,-1
185,1,492.88,23.63,30.36,98.16,0.9256,-1,-1,-1
186,7,288.42,79.52,64.70,155.57,0.7757,-1,-1,-1
186,6,550.97,124.14,79.98,144.30,0.5760,-1,-1,-1
186,3,699.72,30.01,25.60,61.57,0.6278,-1,-1,-1
186,2,724.52,31.95,22.29,64.08,0.8540,-1,-1,-1
186,1,485.90,22.95,36.86,98.93,0.9256,-1,-1,-1
187,7,291.17,79.67,65.33,155.45,0.7757,-1,-1,-1
187,6,540.94,127.71,83.24,158.35,0.5760,-1,-1,-1
187,3,700.34,29.46,25.87,61.94,0.6278,-1,-1,-1
187,2,724.87,31.86,22.02,63.07,0.8540,-1,-1,-1
187,1,482.66,22.33,38.65,99.45,0.9256,-1,-1,-1
188,7,294.07,79.47,64.76,155.84,0.7757,-1,-1,-1
188,6,530.80,131.28,85.24,166.74,0.5760,-1,-1,-1
188,3,701.33,29.59,25.85,61.34,0.6278,-1,-1,-1
188,2,725.43,31.60,21.93,62.61,0.8540,-1,-1,-1
188,1,482.83,23.13,36.12,98.39,0.9256,-1,-1,-1
189,7,297.10,78.38,64.17,156.74,0.7757,-1,-1,-1
189,6,520.16,134.68,87.93,171.89,0.5760,-1,-1,-1
189,3,701.78,29.48,26.25,62.62,0.6278,-1,-1,-1
189,2,725.94,31.43,21.58,62.70,0.8540,-1,-1,-1
189,1,483.94,23.74,34.05,97.83,0.9256,-1,-1,-1
190,7,300.25,78.13,63.02,156.08,0.7757,-1,-1,-1
190,6,508.18,138.48,90.73,176.00,0.5760,-1,-1,-1
190,3,703.05,29.50,25.26,62.02,0.6278,-1,-1,-1
190,2,726.55,31.07,21.44,63.69,0.8540,-1,-1,-1
190,1,481.92,23.30,34.59,97.43,0.9256,-1,-1,-1
191,7,303.18,77.30,60.66,155.73,0.7757,-1,-1,-1
191,6,495.98,142.77,94.33,178.39,0.5760,-1,-1,-1
191,3,704.50,29.20,23.99,62.08,0.6278,-1,-1,-1
191,2,727.05,30.99,21.41,64.19,0.8540,-1,-1,-1
191,1,481.71,21.79,34.52,97.95,0.9256,-1,-1,-1
192,7,314.35,75.31,49.39,153.23,0.7757,-1,-1,-1
192,6,468.32,153.73,100.66,178.37,0.5760,-1,-1,-1
192,3,706.78,28.58,23.08,62.56,0.6278,-1,-1,-1
192,2,727.65,31.55,21.60,62.85,0.8540,-1,-1,-1
192,1,481.03,21.62,31.29,90.75,0.9256,-1,-1,-1
193,7,318.87,74.32,45.00,151.71,0.7757,-1,-1,-1
193,6,453.54,160.64,105.08,166.46,0.5760,-1,-1,-1
193,3,707.48,28.73,23.00,62.32,0.6278,-1,-1,-1
193,2,727.56,31.76,22.33,62.36,0.8540,-1,-1,-1
193,1,479.46,20.41,31.10,90.16,0.9256,-1,-1,-1
194,7,321.58,73.18,43.74,150.51,0.7757,-1,-1,-1
194,6,435.12,168.04,106.68,175.48,0.5760,-1,-1,-1
194,3,708.09,27.90,22.99,62.10,0.6278,-1,-1,-1
194,2,728.05,32.47,22.33,60.86,0.8540,-1,-1,-1
194,1,478.76,20.02,29.62,90.76,0.9256,-1,-1,-1
195,7,325.49,72.90,42.08,149.87,0.7757,-1,-1,-1
195,6,418.52,175.24,115.04,173.69,0.5760,-1,-1,-1
195,3,708.51,27.87,22.94,61.46,0.6278,-1,-1,-1
195,2,727.89,33.34,23.42,60.27,0.8540,-1,-1,-1
195,1,478.00,19.40,28.60,90.71,0.9256,-1,-1,-1
196,7,328.46,73.21,41.54,148.39,0.7757,-1,-1,-1
196,6,397.08,183.01,121.56,157.00,0.5760,-1,-1,-1
196,3,708.44,28.19,23.34,61.49,0.6278,-1,-1,-1
196,2,728.13,33.26,23.68,60.00,0.8540,-1,-1,-1
196,1,477.27,19.41,28.40,91.14,0.9256,-1,-1,-1
197,7,331.81,72.48,41.45,148.17,0.7757,-1,-1,-1
197,6,376.18,191.20,125.36,181.91,0.5760,-1,-1,-1
197,3,708.73,28.01,23.38,61.70,0.6278,-1,-1,-1
197,2,728.96,33.63,24.23,59.88,0.8540,-1,-1,-1
197,1,476.36,20.27,28.40,91.68,0.9256,-1,-1,-1
198,7,333.94,73.09,43.83,146.70,0.7757,-1,-1,-1
198,6,353.88,200.59,129.76,188.55,0.5760,-1,-1,-1
198,3,709.15,28.15,22.99,61.98,0.6278,-1,-1,-1
198,2,729.51,32.46,24.96,60.84,0.8540,-1,-1,-1
198,1,476.56,20.15,27.68,91.96,0.9256,-1,-1,-1
199,7,334.72,73.79,51.86,145.87,0.7757,-1,-1,-1
199,6,327.96,211.08,139.16,194.84,0.5760,-1,-1,-1
199,3,709.53,28.46,23.02,61.73,0.6278,-1,-1,-1
199,2,729.84,32.41,25.05,61.19,0.8540,-1,-1,-1
199,1,476.58,20.65,26.78,92.57,0.9256,-1,-1,-1
200,7,335.40,73.45,57.08,146.25,0.7757,-1,-1,-1
200,6,301.66,222.30,150.15,211.95,0.5760,-1,-1,-1
200,3,709.85,28.23,23.18,62.27,0.6278,-1,-1,-1
200,2,731.88,32.21,23.73,61.02,0.8540,-1,-1,-1
200,1,476.38,21.76,25.71,89.93,0.9256,-1,-1,-1
201,7,335.36,73.56,58.50,145.69,0.7757,-1,-1,-1
201,6,270.95,234.25,155.03,231.65,0.5760,-1,-1,-1
201,3,710.28,28.23,22.97,60.67,0.6278,-1,-1,-1
201,2,732.76,31.71,24.05,61.44,0.8540,-1,-1,-1
202,7,336.00,73.15,57.92,145.97,0.7757,-1,-1,-1
202,6,240.00,248.85,164.18,226.63,0.5760,-1,-1,-1
202,3,711.17,28.08,22.12,61.04,0.6278,-1,-1,-1
202,2,733.74,31.71,23.48,61.37,0.8540,-1,-1,-1
203,7,336.79,73.15,57.10,145.89,0.7757,-1,-1,-1
203,6,205.50,263.15,174.73,206.17,0.5760,-1,-1,-1
203,3,711.57,27.49,21.83,61.30,0.6278,-1,-1,-1
203,2,734.91,31.46,23.02,61.69,0.8540,-1,-1,-1
204,7,338.78,73.40,56.49,143.86,0.7757,-1,-1,-1
204,6,167.85,278.58,186.70,197.12,0.5760,-1,-1,-1
204,3,711.80,27.20,21.68,61.17,0.6278,-1,-1,-1
204,2,735.41,31.65,23.02,60.99,0.8540,-1,-1,-1
205,7,343.52,73.05,52.82,141.69,0.7757,-1,-1,-1
205,6,130.00,295.04,194.63,183.94,0.5760,-1,-1,-1
205,3,711.45,26.90,22.38,61.71,0.6278,-1,-1,-1
205,2,735.67,31.76,23.31,61.30,0.8540,-1,-1,-1
206,7,348.25,71.96,50.93,141.02,0.7757,-1,-1,-1
206,6,88.34,311.38,206.87,167.96,0.5760,-1,-1,-1
206,3,712.82,27.03,21.19,61.35,0.6278,-1,-1,-1
206,2,736.49,31.99,22.53,60.93,0.8540,-1,-1,-1
207,7,354.51,70.62,47.45,141.34,0.7757,-1,-1,-1
207,6,62.80,330.06,200.11,149.77,0.5760,-1,-1,-1
207,3,713.55,27.52,20.88,60.73,0.6278,-1,-1,-1
207,2,737.13,32.01,22.67,60.41,0.8540,-1,-1,-1
208,7,359.58,70.04,47.32,141.84,0.7757,-1,-1,-1
208,6,28.03,351.45,206.23,128.37,0.5760,-1,-1,-1
208,3,714.12,28.66,20.45,59.23,0.6278,-1,-1,-1
208,2,737.75,32.27,22.38,60.44,0.8540,-1,-1,-1
209,7,362.66,70.23,50.05,141.42,0.7757,-1,-1,-1
209,6,0.25,373.40,187.79,106.16,0.5760,-1,-1,-1
209,3,715.07,29.42,20.49,58.39,0.6278,-1,-1,-1
209,2,738.40,32.45,21.82,60.50,0.8540,-1,-1,-1
210,7,364.03,69.77,52.90,142.16,0.7757,-1,-1,-1
210,3,715.31,29.80,20.74,57.86,0.6278,-1,-1,-1
210,2,738.75,32.33,21.72,60.63,0.8540,-1,-1,-1
211,7,364.95,70.45,57.18,141.08,0.7757,-1,-1,-1
211,3,715.74,29.99,21.59,57.67,0.6278,-1,-1,-1
211,2,738.99,32.43,21.57,60.32,0.8540,-1,-1,-1
212,7,366.95,70.14,58.51,140.96,0.7757,-1,-1,-1
212,3,715.09,29.70,23.19,58.36,0.6278,-1,-1,-1
212,2,739.16,32.06,21.58,60.73,0.8540,-1,-1,-1
213,7,368.40,70.56,60.34,140.23,0.7757,-1,-1,-1
213,3,715.34,29.57,23.83,58.30,0.6278,-1,-1,-1
213,2,739.69,31.84,21.21,60.64,0.8540,-1,-1,-1
214,7,371.01,70.78,60.33,139.70,0.7757,-1,-1,-1
214,3,715.78,29.60,24.45,58.23,0.6278,-1,-1,-1
214,2,740.28,31.97,20.91,60.64,0.8540,-1,-1,-1
215,7,373.44,70.34,59.81,139.91,0.7757,-1,-1,-1
215,3,715.68,29.29,24.65,57.90,0.6278,-1,-1,-1
215,2,740.47,31.82,20.96,59.27,0.8540,-1,-1,-1
216,7,378.06,69.53,57.42,139.69,0.7757,-1,-1,-1
216,3,716.83,28.31,24.42,58.03,0.6278,-1,-1,-1
216,2,741.18,31.83,20.84,58.99,0.8540,-1,-1,-1
217,7,381.56,68.78,53.62,138.25,0.7757,-1,-1,-1
217,3,717.47,27.48,24.55,58.56,0.6278,-1,-1,-1
217,2,741.72,31.56,20.34,59.40,0.8540,-1,-1,-1
218,7,386.95,68.15,47.25,136.28,0.7757,-1,-1,-1
218,3,718.01,27.08,24.73,59.16,0.6278,-1,-1,-1
218,2,741.86,31.35,20.96,59.03,0.8540,-1,-1,-1
219,7,391.05,67.35,42.69,135.53,0.7757,-1,-1,-1
219,3,719.27,26.89,23.83,59.05,0.6278,-1,-1,-1
219,2,742.35,31.76,20.65,58.93,0.8540,-1,-1,-1
220,7,394.95,66.24,39.47,135.69,0.7757,-1,-1,-1
220,3,720.45,27.10,23.35,59.14,0.6278,-1,-1,-1
220,2,742.79,31.97,21.11,58.78,0.8540,-1,-1,-1
221,7,399.04,66.04,38.06,135.36,0.7757,-1,-1,-1
221,3,721.42,26.99,22.82,59.68,0.6278,-1,-1,-1
221,2,742.98,31.75,21.24,58.60,0.8540,-1,-1,-1
222,7,400.46,66.43,38.63,134.47,0.7757,-1,-1,-1
222,3,722.06,27.48,21.72,58.39,0.6278,-1,-1,-1
222,2,743.06,32.13,21.93,58.26,0.8540,-1,-1,-1
223,7,401.07,65.98,40.85,134.25,0.7757,-1,-1,-1
223,3,723.10,27.81,21.17,57.66,0.6278,-1,-1,-1
223,2,743.61,32.27,21.81,58.25,0.8540,-1,-1,-1
224,7,403.31,65.57,41.57,133.12,0.7757,-1,-1,-1
224,3,722.95,27.97,21.57,57.47,0.6278,-1,-1,-1
224,2,743.78,32.17,22.40,58.39,0.8540,-1,-1,-1
225,7,404.52,65.44,46.43,132.86,0.7757,-1,-1,-1
225,3,723.54,27.77,21.98,57.74,0.6278,-1,-1,-1
225,2,743.96,31.78,22.75,58.90,0.8540,-1,-1,-1
226,7,405.18,66.25,52.60,131.64,0.7757,-1,-1,-1
226,3,724.10,28.07,21.52,57.09,0.6278,-1,-1,-1
226,2,744.50,31.76,22.83,58.77,0.8540,-1,-1,-1
227,8,219.04,35.92,27.39,83.70,0.5188,-1,-1,-1
227,7,405.55,66.84,55.42,130.24,0.7757,-1,-1,-1
227,3,723.83,27.75,22.23,58.40,0.6278,-1,-1,-1
227,2,744.10,31.17,23.86,59.37,0.8540,-1,-1,-1
228,8,222.37,36.05,25.14,84.44,0.5188,-1,-1,-1
228,7,406.00,66.66,54.67,130.56,0.7757,-1,-1,-1
228,3,725.16,27.38,20.84,58.67,0.6278,-1,-1,-1
228,2,744.63,31.07,23.89,59.08,0.8540,-1,-1,-1
229,8,224.57,35.94,25.51,83.67,0.5188,-1,-1,-1
229,7,407.52,66.64,54.08,130.21,0.7757,-1,-1,-1
229,3,725.57,27.69,21.31,58.31,0.6278,-1,-1,-1
229,2,745.89,30.99,22.64,58.91,0.8540,-1,-1,-1
230,8,226.43,35.38,25.98,84.38,0.5188,-1,-1,-1
230,7,409.41,65.98,54.89,130.80,0.7757,-1,-1,-1
230,3,726.70,27.58,20.46,58.15,0.6278,-1,-1,-1
230,2,746.38,30.98,22.37,59.08,0.8540,-1,-1,-1
231,8,228.46,35.13,26.30,83.95,0.5188,-1,-1,-1
231,7,413.49,65.30,52.06,129.39,0.7757,-1,-1,-1
231,3,726.93,27.20,20.35,58.46,0.6278,-1,-1,-1
231,2,747.19,31.01,22.04,58.23,0.8540,-1,-1,-1
232,8,230.65,33.94,26.68,84.72,0.5188,-1,-1,-1
232,7,419.62,65.11,47.87,128.07,0.7757,-1,-1,-1
232,3,727.47,26.72,20.28,58.79,0.6278,-1,-1,-1
232,2,747.98,31.01,21.86,58.02,0.8540,-1,-1,-1
233,8,232.50,33.15,25.88,85.64,0.5188,-1,-1,-1
233,7,423.25,64.62,47.72,128.40,0.7757,-1,-1,-1
233,3,727.37,26.35,20.77,59.19,0.6278,-1,-1,-1
233,2,748.81,31.15,21.76,57.91,0.8540,-1,-1,-1
234,8,234.66,32.87,25.63,83.03,0.5188,-1,-1,-1
234,7,429.55,63.94,45.76,128.98,0.7757,-1,-1,-1
234,3,727.44,26.83,21.56,58.13,0.6278,-1,-1,-1
234,2,749.45,31.18,21.73,57.66,0.8540,-1,-1,-1
235,8,236.45,33.32,26.66,83.34,0.5188,-1,-1,-1
235,7,434.85,63.93,45.68,128.74,0.7757,-1,-1,-1
235,3,727.63,26.83,21.71,58.04,0.6278,-1,-1,-1
235,2,749.78,31.55,21.95,57.33,0.8540,-1,-1,-1
236,8,238.03,33.28,26.80,84.44,0.5188,-1,-1,-1
236,7,437.21,64.57,46.73,128.13,0.7757,-1,-1,-1
236,3,728.37,26.84,21.56,57.57,0.6278,-1,-1,-1
236,2,750.54,31.61,21.46,57.77,0.8540,-1,-1,-1
237,8,239.47,33.21,26.12,88.72,0.5188,-1,-1,-1
237,7,438.04,64.89,49.45,127.62,0.7757,-1,-1,-1
237,3,729.04,27.18,21.25,56.80,0.6278,-1,-1,-1
237,2,750.93,31.81,21.20,57.44,0.8540,-1,-1,-1
238,7,439.53,65.68,50.33,126.41,0.7757,-1,-1,-1
238,3,729.01,27.34,21.53,56.57,0.6278,-1,-1,-1
238,2,751.10,31.85,21.26,57.26,0.8540,-1,-1,-1
239,7,441.39,67.24,50.58,124.16,0.7757,-1,-1,-1
239,3,729.31,27.02,22.14,57.23,0.6278,-1,-1,-1
239,2,751.47,31.69,21.29,57.05,0.8540,-1,-1,-1
240,7,443.20,68.34,51.76,122.77,0.7757,-1,-1,-1
240,3,729.13,28.14,22.48,56.84,0.6278,-1,-1,-1
240,2,751.79,31.26,21.21,58.01,0.8540,-1,-1,-1
241,7,444.26,67.25,52.49,123.44,0.7757,-1,-1,-1
241,3,729.32,28.21,22.91,56.62,0.6278,-1,-1,-1
241,2,752.02,31.00,21.27,57.96,0.8540,-1,-1,-1
242,7,447.02,68.59,51.82,121.66,0.7757,-1,-1,-1
242,3,729.53,28.03,23.46,56.73,0.6278,-1,-1,-1
242,2,752.71,30.92,20.99,57.20,0.8540,-1,-1,-1
243,7,450.51,66.15,50.98,122.29,0.7757,-1,-1,-1
243,3,729.84,28.78,24.21,55.77,0.6278,-1,-1,-1
243,2,753.04,31.08,20.70,56.76,0.8540,-1,-1,-1
244,7,454.25,67.19,49.22,119.13,0.7757,-1,-1,-1
244,3,730.74,28.86,23.52,54.92,0.6278,-1,-1,-1
244,2,753.65,31.11,20.86,57.04,0.8540,-1,-1,-1
245,10,843.91,24.64,11.95,32.02,0.6147,-1,-1,-1
245,7,458.06,64.90,47.70,119.79,0.7757,-1,-1,-1
245,3,731.22,28.42,23.11,55.23,0.6278,-1,-1,-1
245,2,753.63,31.59,21.17,56.97,0.8540,-1,-1,-1
246,10,844.01,25.06,11.76,31.76,0.6147,-1,-1,-1
246,7,461.27,64.28,41.88,118.31,0.7757,-1,-1,-1
246,3,732.29,28.38,22.52,54.76,0.6278,-1,-1,-1
246,2,754.10,31.43,21.42,57.34,0.8540,-1,-1,-1
247,10,842.98,24.94,12.17,31.14,0.6147,-1,-1,-1
247,7,463.17,62.96,42.02,121.15,0.7757,-1,-1,-1
247,3,732.43,27.95,22.74,55.32,0.6278,-1,-1,-1
247,2,754.69,31.62,21.29,56.77,0.8540,-1,-1,-1
248,10,842.43,25.14,12.23,30.69,0.6147,-1,-1,-1
248,7,464.92,62.23,45.29,121.45,0.7757,-1,-1,-1
248,3,733.53,26.62,21.77,56.57,0.6278,-1,-1,-1
248,2,755.27,32.03,21.02,55.65,0.8540,-1,-1,-1
249,7,466.47,62.27,45.02,120.75,0.7757,-1,-1,-1
249,3,734.34,27.30,21.12,56.13,0.6278,-1,-1,-1
249,2,755.62,32.72,21.02,54.72,0.8540,-1,-1,-1
250,7,468.67,63.12,45.37,118.71,0.7757,-1,-1,-1
250,3,736.52,27.81,20.35,54.90,0.6278,-1,-1,-1
250,2,756.85,33.01,20.55,54.32,0.8540,-1,-1,-1
251,11,790.09,178.45,65.91,194.86,0.8081,-1,-1,-1
251,7,469.94,62.93,45.69,118.69,0.7757,-1,-1,-1
251,3,736.87,28.01,20.13,54.47,0.6278,-1,-1,-1
251,2,755.81,32.56,22.37,54.81,0.8540,-1,-1,-1
252,11,782.72,176.26,73.28,189.01,0.8081,-1,-1,-1
252,7,470.79,62.23,44.74,118.92,0.7757,-1,-1,-1
252,3,736.77,27.59,20.05,54.56,0.6278,-1,-1,-1
252,2,755.66,32.68,23.93,54.67,0.8540,-1,-1,-1
253,11,773.87,173.54,82.13,185.48,0.8081,-1,-1,-1
253,7,471.11,62.35,47.19,118.71,0.7757,-1,-1,-1
253,2,755.97,32.65,24.54,54.67,0.8540,-1,-1,-1
254,11,768.46,170.21,87.54,182.65,0.8081,-1,-1,-1
254,7,471.36,63.51,49.16,117.55,0.7757,-1,-1,-1
254,2,756.87,32.39,24.68,55.01,0.8540,-1,-1,-1
255,11,759.36,167.19,96.53,178.29,0.8081,-1,-1,-1
255,7,471.82,62.27,48.26,118.25,0.7757,-1,-1,-1
255,2,758.18,31.94,24.01,55.35,0.8540,-1,-1,-1
256,11,753.66,163.30,96.07,175.11,0.8081,-1,-1,-1
256,7,472.64,62.55,47.58,118.21,0.7757,-1,-1,-1
256,2,760.29,31.79,22.70,55.28,0.8540,-1,-1,-1
257,11,747.49,159.79,94.68,170.28,0.8081,-1,-1,-1
257,7,475.21,61.63,46.52,117.72,0.7757,-1,-1,-1
257,2,761.71,31.88,21.50,55.25,0.8540,-1,-1,-1
258,11,741.68,155.96,92.60,167.54,0.8081,-1,-1,-1
258,7,478.89,61.09,44.41,116.79,0.7757,-1,-1,-1
258,2,762.75,31.94,20.74,55.29,0.8540,-1,-1,-1
259,11,737.00,153.31,90.75,161.60,0.8081,-1,-1,-1
259,7,482.04,60.03,42.51,116.42,0.7757,-1,-1,-1
259,2,763.56,32.39,20.44,54.81,0.8540,-1,-1,-1
260,11,733.49,150.35,87.42,157.35,0.8081,-1,-1,-1
260,7,486.04,59.29,40.43,116.76,0.7757,-1,-1,-1
260,3,739.91,26.57,20.53,56.25,0.6278,-1,-1,-1
260,2,764.43,32.30,20.11,55.14,0.8540,-1,-1,-1
261,11,729.36,146.91,84.64,152.56,0.8081,-1,-1,-1
261,7,488.78,58.99,39.21,116.15,0.7757,-1,-1,-1
261,3,740.85,26.81,20.33,55.60,0.6278,-1,-1,-1
261,2,764.82,32.47,20.23,54.72,0.8540,-1,-1,-1
262,11,725.67,144.10,81.93,148.62,0.8081,-1,-1,-1
262,7,490.29,58.77,39.18,116.70,0.7757,-1,-1,-1
262,3,741.50,27.09,20.64,55.33,0.6278,-1,-1,-1
262,2,765.28,32.90,20.22,54.29,0.8540,-1,-1,-1
263,11,721.23,140.38,80.84,141.09,0.8081,-1,-1,-1
263,7,491.11,58.74,39.56,116.53,0.7757,-1,-1,-1
263,3,741.20,28.12,21.33,54.63,0.6278,-1,-1,-1
263,2,765.63,33.21,20.28,54.22,0.8540,-1,-1,-1
264,11,715.57,134.00,75.55,138.06,0.8081,-1,-1,-1
264,7,492.64,58.92,41.79,115.47,0.7757,-1,-1,-1
264,3,741.62,28.59,20.69,53.19,0.6278,-1,-1,-1
264,2,766.92,32.98,19.59,54.22,0.8540,-1,-1,-1
265,11,713.34,131.26,73.45,133.73,0.8081,-1,-1,-1
265,7,493.47,58.68,42.46,115.15,0.7757,-1,-1,-1
265,3,742.25,27.78,21.29,53.79,0.6278,-1,-1,-1
265,2,766.97,32.68,19.73,54.18,0.8540,-1,-1,-1
266,11,711.99,128.29,71.61,130.58,0.8081,-1,-1,-1
266,7,494.75,58.96,42.67,114.80,0.7757,-1,-1,-1
266,3,743.12,27.49,21.19,53.83,0.6278,-1,-1,-1
266,2,767.18,32.11,20.03,54.48,0.8540,-1,-1,-1
267,11,710.79,125.10,68.88,125.13,0.8081,-1,-1,-1
267,7,496.41,57.84,41.98,117.17,0.7757,-1,-1,-1
267,3,743.55,27.44,21.31,54.08,0.6278,-1,-1,-1
267,2,767.39,32.09,19.80,54.58,0.8540,-1,-1,-1
268,13,812.60,123.44,43.36,105.21,0.5302,-1,-1,-1
268,11,708.77,122.91,66.81,126.17,0.8081,-1,-1,-1
268,7,498.25,57.73,41.66,113.84,0.7757,-1,-1,-1
268,3,743.15,27.44,22.13,54.43,0.6278,-1,-1,-1
268,2,767.35,32.17,20.01,54.27,0.8540,-1,-1,-1
269,13,810.20,121.44,45.72,107.91,0.5302,-1,-1,-1
269,11,706.46,120.50,66.13,122.47,0.8081,-1,-1,-1
269,7,500.12,56.88,40.72,113.97,0.7757,-1,-1,-1
269,3,743.42,27.69,22.29,54.10,0.6278,-1,-1,-1
269,2,767.38,31.98,19.94,53.77,0.8540,-1,-1,-1
270,13,808.10,119.88,47.83,110.39,0.5302,-1,-1,-1
270,11,705.13,117.89,64.61,129.94,0.8081,-1,-1,-1
270,7,502.31,55.98,39.34,115.47,0.7757,-1,-1,-1
270,3,743.73,27.73,22.71,53.89,0.6278,-1,-1,-1
270,2,767.34,31.56,20.18,54.08,0.8540,-1,-1,-1
271,13,805.89,118.12,50.11,111.71,0.5302,-1,-1,-1
271,11,705.89,115.33,61.18,119.87,0.8081,-1,-1,-1
271,7,504.70,55.46,38.73,115.15,0.7757,-1,-1,-1
271,3,744.17,27.70,22.89,53.85,0.6278,-1,-1,-1
271,2,767.75,31.30,20.13,54.47,0.8540,-1,-1,-1
272,13,803.86,116.37,52.14,111.84,0.5302,-1,-1,-1
272,11,704.39,113.37,60.00,123.09,0.8081,-1,-1,-1
272,7,507.60,55.10,36.61,113.56,0.7757,-1,-1,-1
272,3,744.88,27.52,22.54,53.97,0.6278,-1,-1,-1
272,2,768.13,31.35,19.97,54.72,0.8540,-1,-1,-1
273,13,801.51,114.74,54.46,114.61,0.5302,-1,-1,-1
273,11,703.76,111.38,58.10,121.68,0.8081,-1,-1,-1
273,7,509.76,53.98,34.74,115.26,0.7757,-1,-1,-1
273,3,745.44,26.89,23.15,54.43,0.6278,-1,-1,-1
273,2,768.49,31.49,20.12,54.61,0.8540,-1,-1,-1
274,14,0.00,143.00,61.82,182.89,0.6480,-1,-1,-1
274,13,799.96,112.86,56.04,113.65,0.5302,-1,-1,-1
274,11,702.97,108.96,56.43,121.54,0.8081,-1,-1,-1
274,7,511.21,53.54,34.93,114.77,0.7757,-1,-1,-1
274,3,746.09,26.72,22.76,54.41,0.6278,-1,-1,-1
274,2,768.67,31.69,19.96,54.05,0.8540,-1,-1,-1
275,14,0.00,143.34,67.01,181.90,0.6480,-1,-1,-1
275,13,798.30,111.79,57.70,115.05,0.5302,-1,-1,-1
275,11,701.85,106.68,55.83,124.69,0.8081,-1,-1,-1
275,7,512.46,53.54,34.54,113.33,0.7757,-1,-1,-1
275,3,747.14,26.67,22.01,54.09,0.6278,-1,-1,-1
275,2,768.83,31.95,20.59,53.34,0.8540,-1,-1,-1
276,14,0.00,142.87,68.13,180.08,0.6480,-1,-1,-1
276,13,796.46,110.06,59.46,113.23,0.5302,-1,-1,-1
276,11,701.21,104.66,54.52,127.62,0.8081,-1,-1,-1
276,7,513.41,52.76,34.51,113.69,0.7757,-1,-1,-1
276,3,748.16,26.42,21.47,54.19,0.6278,-1,-1,-1
276,2,769.68,31.93,20.01,53.29,0.8540,-1,-1,-1
277,14,0.00,141.51,68.58,179.66,0.6480,-1,-1,-1
277,13,794.73,108.83,60.61,113.31,0.5302,-1,-1,-1
277,11,700.25,103.39,53.12,126.15,0.8081,-1,-1,-1
277,7,513.93,53.04,35.63,112.18,0.7757,-1,-1,-1
277,3,749.00,26.51,20.95,53.84,0.6278,-1,-1,-1
277,2,769.57,31.97,20.39,53.30,0.8540,-1,-1,-1
278,14,0.00,139.84,68.57,188.45,0.6480,-1,-1,-1
278,13,791.31,107.45,61.67,116.10,0.5302,-1,-1,-1
278,11,699.63,101.51,52.46,129.66,0.8081,-1,-1,-1
278,7,514.90,53.64,37.21,110.99,0.7757,-1,-1,-1
278,3,749.81,26.42,21.03,53.80,0.6278,-1,-1,-1
278,2,770.28,32.10,20.34,53.23,0.8540,-1,-1,-1
279,14,0.01,136.82,67.45,193.10,0.6480,-1,-1,-1
279,13,790.29,106.51,60.52,112.27,0.5302,-1,-1,-1
279,11,698.28,100.02,52.64,126.12,0.8081,-1,-1,-1
279,7,514.91,54.16,38.55,110.02,0.7757,-1,-1,-1
279,3,750.41,26.30,20.52,54.02,0.6278,-1,-1,-1
279,2,770.23,32.13,21.35,53.35,0.8540,-1,-1,-1
280,14,5.03,134.54,62.77,194.01,0.6480,-1,-1,-1
280,13,789.77,105.23,59.69,111.20,0.5302,-1,-1,-1
280,11,697.38,98.84,51.86,121.61,0.8081,-1,-1,-1
280,7,514.92,54.46,39.85,109.79,0.7757,-1,-1,-1
280,3,750.72,26.70,20.53,52.76,0.6278,-1,-1,-1
280,2,770.57,32.19,21.99,53.21,0.8540,-1,-1,-1
281,14,11.49,132.31,63.59,192.28,0.6480,-1,-1,-1
281,13,788.91,103.78,59.20,111.10,0.5302,-1,-1,-1
281,11,696.83,97.51,51.27,118.55,0.8081,-1,-1,-1
281,7,515.22,54.09,41.62,110.26,0.7757,-1,-1,-1
281,3,751.06,27.65,19.99,52.22,0.6278,-1,-1,-1
281,2,770.57,32.21,22.66,53.49,0.8540,-1,-1,-1
282,14,17.63,130.33,66.38,193.12,0.6480,-1,-1,-1
282,13,789.06,102.82,58.41,110.23,0.5302,-1,-1,-1
282,11,695.64,95.84,51.38,117.25,0.8081,-1,-1,-1
282,7,515.72,53.96,42.50,110.25,0.7757,-1,-1,-1
282,3,751.46,26.90,20.14,53.77,0.6278,-1,-1,-1
282,2,772.08,32.33,21.69,53.15,0.8540,-1,-1,-1
283,14,25.18,129.25,70.04,191.30,0.6480,-1,-1,-1
283,13,788.74,101.55,57.54,110.52,0.5302,-1,-1,-1
283,11,695.50,94.39,50.73,117.14,0.8081,-1,-1,-1
283,7,516.92,54.22,41.67,110.66,0.7757,-1,-1,-1
283,3,751.98,27.17,19.91,53.77,0.6278,-1,-1,-1
283,2,773.14,32.26,21.26,53.09,0.8540,-1,-1,-1
284,14,30.90,129.53,84.22,190.11,0.6480,-1,-1,-1
284,13,788.36,100.92,57.19,109.45,0.5302,-1,-1,-1
284,11,694.51,93.10,50.81,117.31,0.8081,-1,-1,-1
284,7,518.74,52.84,40.86,110.27,0.7757,-1,-1,-1
284,3,752.66,27.37,19.68,53.10,0.6278,-1,-1,-1
285,14,36.41,129.79,93.62,189.16,0.6480,-1,-1,-1
285,13,788.55,99.56,56.30,108.96,0.5302,-1,-1,-1
285,11,693.49,92.15,51.14,117.86,0.8081,-1,-1,-1
285,7,521.75,52.62,39.89,109.21,0.7757,-1,-1,-1
285,3,753.70,27.25,18.97,53.24,0.6278,-1,-1,-1
286,14,39.87,130.42,99.14,188.05,0.6480,-1,-1,-1
286,13,788.50,99.24,55.70,107.69,0.5302,-1,-1,-1
286,11,692.85,90.66,51.33,117.70,0.8081,-1,-1,-1
286,7,523.55,52.24,39.85,108.85,0.7757,-1,-1,-1
286,3,754.17,26.72,18.89,53.82,0.6278,-1,-1,-1
287,14,42.03,131.05,103.73,186.09,0.6480,-1,-1,-1
287,13,787.87,98.52,55.83,108.37,0.5302,-1,-1,-1
287,11,693.41,89.38,50.21,115.23,0.8081,-1,-1,-1
287,7,526.24,51.90,38.78,108.60,0.7757,-1,-1,-1
287,3,754.76,26.92,18.87,52.89,0.6278,-1,-1,-1
288,14,47.44,129.53,100.29,185.32,0.6480,-1,-1,-1
288,13,788.74,96.54,54.28,106.53,0.5302,-1,-1,-1
288,11,692.34,87.32,50.80,116.07,0.8081,-1,-1,-1
288,7,532.43,51.45,36.95,109.05,0.7757,-1,-1,-1
288,3,755.25,26.60,19.66,53.46,0.6278,-1,-1,-1
289,14,55.77,128.37,92.56,182.07,0.6480,-1,-1,-1
289,13,789.26,95.69,53.79,106.24,0.5302,-1,-1,-1
289,11,692.30,86.45,50.57,113.67,0.8081,-1,-1,-1
289,7,533.31,51.41,38.53,109.01,0.7757,-1,-1,-1
289,3,755.34,26.61,19.85,53.04,0.6278,-1,-1,-1
290,14,70.69,127.30,78.15,178.75,0.6480,-1,-1,-1
290,13,790.86,95.22,52.44,103.37,0.5302,-1,-1,-1
290,11,692.60,85.15,50.03,112.98,0.8081,-1,-1,-1
290,7,533.61,52.43,40.53,107.43,0.7757,-1,-1,-1
290,3,755.37,26.62,20.34,53.08,0.6278,-1,-1,-1
290,2,779.54,32.57,18.11,51.05,0.8540,-1,-1,-1
291,14,76.48,124.53,72.36,180.86,0.6480,-1,-1,-1
291,13,792.02,94.08,51.95,102.74,0.5302,-1,-1,-1
291,11,692.63,84.44,50.13,111.70,0.8081,-1,-1,-1
291,7,534.13,52.26,41.72,107.09,0.7757,-1,-1,-1
291,3,755.67,26.86,20.31,52.67,0.6278,-1,-1,-1
291,2,779.98,32.44,18.19,51.31,0.8540,-1,-1,-1
292,14,81.72,121.82,67.41,183.07,0.6480,-1,-1,-1
292,13,794.57,93.11,49.64,97.84,0.5302,-1,-1,-1
292,11,692.72,84.06,50.33,110.16,0.8081,-1,-1,-1
292,7,534.72,52.28,42.71,107.12,0.7757,-1,-1,-1
292,3,755.52,27.10,21.19,52.56,0.6278,-1,-1,-1
292,2,779.74,32.17,19.02,51.56,0.8540,-1,-1,-1
293,14,85.94,119.98,69.99,184.01,0.6480,-1,-1,-1
293,13,796.15,91.92,48.42,98.75,0.5302,-1,-1,-1
293,11,692.68,82.70,50.75,108.96,0.8081,-1,-1,-1
293,7,535.70,52.34,43.00,106.99,0.7757,-1,-1,-1
293,3,755.90,27.40,21.08,52.07,0.6278,-1,-1,-1
293,2,780.31,32.01,18.89,51.72,0.8540,-1,-1,-1
294,14,90.40,118.75,75.58,186.43,0.6480,-1,-1,-1
294,13,796.04,91.05,48.87,98.88,0.5302,-1,-1,-1
294,11,692.95,81.92,50.55,106.29,0.8081,-1,-1,-1
294,7,536.24,52.53,43.60,107.37,0.7757,-1,-1,-1
294,3,756.37,27.66,20.98,51.84,0.6278,-1,-1,-1
294,2,780.60,31.92,18.85,51.74,0.8540,-1,-1,-1
295,14,95.65,118.18,79.57,187.07,0.6480,-1,-1,-1
295,13,797.72,90.00,47.47,99.48,0.5302,-1,-1,-1
295,11,693.14,80.96,50.40,103.91,0.8081,-1,-1,-1
295,7,537.78,52.05,42.48,105.82,0.7757,-1,-1,-1
295,3,756.79,28.00,21.69,51.81,0.6278,-1,-1,-1
295,2,780.97,31.74,18.44,51.02,0.8540,-1,-1,-1
296,14,101.31,118.91,82.16,186.86,0.6480,-1,-1,-1
296,13,798.14,89.28,48.01,102.30,0.5302,-1,-1,-1
296,11,694.10,80.45,49.85,98.60,0.8081,-1,-1,-1
296,7,539.07,51.19,41.96,106.27,0.7757,-1,-1,-1
296,3,756.93,28.14,21.98,51.45,0.6278,-1,-1,-1
296,2,781.20,31.33,19.01,51.42,0.8540,-1,-1,-1
297,14,106.78,119.45,84.52,186.29,0.6480,-1,-1,-1
297,13,800.43,88.46,46.54,99.29,0.5302,-1,-1,-1
297,11,694.81,79.64,49.63,97.00,0.8081,-1,-1,-1
297,7,541.47,50.30,39.79,105.02,0.7757,-1,-1,-1
297,3,757.02,28.19,23.10,51.56,0.6278,-1,-1,-1
297,2,781.53,30.86,19.08,51.83,0.8540,-1,-1,-1
298,14,113.26,119.32,85.77,187.03,0.6480,-1,-1,-1
298,13,803.92,87.88,43.70,96.84,0.5302,-1,-1,-1
298,11,696.23,78.61,48.71,94.97,0.8081,-1,-1,-1
298,7,543.16,50.29,38.47,104.39,0.7757,-1,-1,-1
298,3,757.15,27.94,22.94,51.76,0.6278,-1,-1,-1
298,2,781.90,30.51,19.24,52.41,0.8540,-1,-1,-1
299,14,118.27,119.26,86.46,187.79,0.6480,-1,-1,-1
299,13,804.90,87.25,43.31,97.93,0.5302,-1,-1,-1
299,11,697.40,78.15,48.03,94.23,0.8081,-1,-1,-1
299,7,544.56,50.24,37.44,103.85,0.7757,-1,-1,-1
299,3,757.67,27.92,22.89,51.69,0.6278,-1,-1,-1
299,2,782.28,30.58,19.02,52.64,0.8540,-1,-1,-1
300,14,120.76,118.72,87.34,187.41,0.6480,-1,-1,-1
300,13,806.42,86.11,42.24,98.81,0.5302,-1,-1,-1
300,11,697.64,77.74,48.03,94.47,0.8081,-1,-1,-1
300,7,545.89,50.22,36.07,103.17,0.7757,-1,-1,-1
300,3,758.45,27.86,22.90,51.54,0.6278,-1,-1,-1
300,2,782.48,31.04,18.80,52.35,0.8540,-1,-1,-1
301,14,127.11,117.87,82.16,185.93,0.6480,-1,-1,-1
301,13,808.34,85.44,41.45,99.68,0.5302,-1,-1,-1
301,11,698.88,77.10,47.81,95.49,0.8081,-1,-1,-1
301,7,547.53,50.82,34.27,102.29,0.7757,-1,-1,-1
301,3,759.46,27.93,22.03,50.84,0.6278,-1,-1,-1
301,2,782.66,31.84,18.75,51.48,0.8540,-1,-1,-1
302,14,135.04,116.75,76.18,181.52,0.6480,-1,-1,-1
302,13,807.79,84.21,42.86,100.69,0.5302,-1,-1,-1
302,11,700.49,75.83,46.91,98.53,0.8081,-1,-1,-1
302,7,549.99,50.45,32.27,102.48,0.7757,-1,-1,-1
302,3,760.50,27.83,21.34,50.75,0.6278,-1,-1,-1
302,2,783.19,32.49,18.81,50.53,0.8540,-1,-1,-1
303,14,143.68,115.30,67.62,173.61,0.6480,-1,-1,-1
303,13,809.34,83.75,41.99,101.47,0.5302,-1,-1,-1
303,11,701.63,75.13,47.35,98.41,0.8081,-1,-1,-1
303,7,550.56,49.92,32.73,102.09,0.7757,-1,-1,-1
303,3,761.01,27.84,20.92,50.69,0.6278,-1,-1,-1
303,2,783.63,32.93,19.78,50.23,0.8540,-1,-1,-1
304,14,149.44,113.08,61.99,174.00,0.6480,-1,-1,-1
304,13,812.31,82.75,40.03,98.37,0.5302,-1,-1,-1
304,11,703.85,73.84,45.99,94.76,0.8081,-1,-1,-1
304,7,551.67,50.09,33.27,101.17,0.7757,-1,-1,-1
304,3,761.74,27.81,20.76,50.52,0.6278,-1,-1,-1
304,2,783.69,33.82,20.18,49.61,0.8540,-1,-1,-1
305,14,155.41,111.43,58.11,173.43,0.6480,-1,-1,-1
305,13,813.58,82.52,39.52,97.87,0.5302,-1,-1,-1
305,11,705.11,72.24,45.14,98.35,0.8081,-1,-1,-1
305,7,550.68,51.24,36.24,99.50,0.7757,-1,-1,-1
305,3,762.75,27.97,19.56,50.61,0.6278,-1,-1,-1
305,2,783.82,34.24,20.73,48.84,0.8540,-1,-1,-1
306,14,161.07,109.30,59.01,178.45,0.6480,-1,-1,-1
306,13,814.03,82.21,40.81,97.39,0.5302,-1,-1,-1
306,11,707.65,71.79,43.77,96.29,0.8081,-1,-1,-1
306,7,550.79,50.14,36.77,100.72,0.7757,-1,-1,-1
306,3,764.08,27.95,18.32,50.36,0.6278,-1,-1,-1
306,2,784.04,35.07,21.53,47.75,0.8540,-1,-1,-1
307,14,165.91,108.70,62.67,177.47,0.6480,-1,-1,-1
307,13,813.86,81.52,41.66,97.68,0.5302,-1,-1,-1
307,11,710.65,71.70,42.12,95.28,0.8081,-1,-1,-1
307,7,550.63,50.80,38.23,99.68,0.7757,-1,-1,-1
307,3,764.49,27.80,17.97,50.62,0.6278,-1,-1,-1
307,2,783.90,35.05,23.16,47.58,0.8540,-1,-1,-1
308,14,170.26,108.40,66.34,175.53,0.6480,-1,-1,-1
308,13,816.20,81.15,39.56,96.99,0.5302,-1,-1,-1
308,11,712.63,70.41,41.95,95.56,0.8081,-1,-1,-1
308,7,551.86,51.28,39.11,99.44,0.7757,-1,-1,-1
308,3,764.71,28.06,17.71,49.94,0.6278,-1,-1,-1
308,2,784.68,35.53,22.65,47.14,0.8540,-1,-1,-1
309,14,175.75,108.09,74.72,174.98,0.6480,-1,-1,-1
309,13,818.01,80.79,37.86,96.64,0.5302,-1,-1,-1
309,11,714.99,69.83,41.06,94.67,0.8081,-1,-1,-1
309,7,552.36,50.32,40.28,100.39,0.7757,-1,-1,-1
309,3,765.06,28.12,17.84,49.85,0.6278,-1,-1,-1
309,2,785.40,35.20,22.83,47.49,0.8540,-1,-1,-1
310,14,181.22,108.75,81.56,172.82,0.6480,-1,-1,-1
310,13,818.51,80.54,37.05,96.42,0.5302,-1,-1,-1
310,11,717.00,68.87,41.38,95.48,0.8081,-1,-1,-1
310,7,553.86,49.08,42.33,100.90,0.7757,-1,-1,-1
310,3,765.60,28.37,17.55,50.18,0.6278,-1,-1,-1
310,2,786.03,34.71,22.40,47.76,0.8540,-1,-1,-1
311,14,183.12,109.33,86.92,172.86,0.6480,-1,-1,-1
311,13,819.25,80.09,36.57,95.83,0.5302,-1,-1,-1
311,11,719.95,69.13,40.39,94.94,0.8081,-1,-1,-1
311,7,558.21,48.21,40.17,100.93,0.7757,-1,-1,-1
311,2,786.63,34.37,22.45,47.58,0.8540,-1,-1,-1
312,15,19.90,58.39,38.50,100.07,0.6864,-1,-1,-1
312,14,184.68,109.00,88.65,170.76,0.6480,-1,-1,-1
312,13,822.08,79.52,33.92,92.72,0.5302,-1,-1,-1
312,11,724.43,67.28,40.21,95.48,0.8081,-1,-1,-1
312,7,564.26,48.20,41.81,100.39,0.7757,-1,-1,-1
312,2,787.50,33.35,22.80,48.31,0.8540,-1,-1,-1
313,15,24.18,58.26,33.93,99.46,0.6864,-1,-1,-1
313,14,187.72,108.46,83.54,169.93,0.6480,-1,-1,-1
313,13,821.91,78.66,34.09,90.53,0.5302,-1,-1,-1
313,11,726.94,66.83,39.12,93.09,0.8081,-1,-1,-1
313,7,567.65,48.34,38.54,99.64,0.7757,-1,-1,-1
313,2,787.71,32.76,23.37,49.06,0.8540,-1,-1,-1
314,15,27.44,57.34,32.23,97.76,0.6864,-1,-1,-1
314,14,196.32,108.00,76.46,166.90,0.6480,-1,-1,-1
314,13,823.75,78.28,32.25,88.08,0.5302,-1,-1,-1
314,11,728.45,67.06,39.95,91.28,0.8081,-1,-1,-1
314,7,570.50,48.12,35.98,100.56,0.7757,-1,-1,-1
314,3,767.26,28.16,18.39,49.99,0.6278,-1,-1,-1
314,2,787.70,32.17,24.04,49.31,0.8540,-1,-1,-1
315,15,31.87,56.81,30.65,96.95,0.6864,-1,-1,-1
315,14,204.39,106.74,70.63,165.62,0.6480,-1,-1,-1
315,13,826.48,77.60,29.48,84.13,0.5302,-1,-1,-1
315,11,730.17,66.43,40.33,89.31,0.8081,-1,-1,-1
315,7,571.12,48.24,36.06,100.23,0.7757,-1,-1,-1
315,3,767.74,28.18,18.36,49.92,0.6278,-1,-1,-1
315,2,787.85,32.39,23.99,49.40,0.8540,-1,-1,-1
316,15,35.81,55.87,26.93,96.86,0.6864,-1,-1,-1
316,14,213.97,104.20,67.97,165.27,0.6480,-1,-1,-1
316,13,827.86,76.95,28.14,83.05,0.5302,-1,-1,-1
316,11,733.83,66.66,38.84,86.89,0.8081,-1,-1,-1
316,7,571.13,48.42,37.57,99.39,0.7757,-1,-1,-1
316,2,787.48,31.09,24.63,50.53,0.8540,-1,-1,-1
317,15,38.57,54.33,27.49,100.71,0.6864,-1,-1,-1
317,14,223.98,102.94,64.07,164.45,0.6480,-1,-1,-1
317,13,828.77,77.02,27.17,83.32,0.5302,-1,-1,-1
317,11,735.82,66.29,38.80,86.37,0.8081,-1,-1,-1
317,7,572.03,48.75,38.24,98.03,0.7757,-1,-1,-1
317,2,787.95,31.73,23.94,50.07,0.8540,-1,-1,-1
318,15,42.38,53.07,28.49,98.91,0.6864,-1,-1,-1
318,14,231.67,101.31,60.39,165.78,0.6480,-1,-1,-1
318,13,827.89,75.94,28.11,88.81,0.5302,-1,-1,-1
318,11,738.26,65.47,38.48,84.92,0.8081,-1,-1,-1
318,7,572.06,48.61,39.96,98.04,0.7757,-1,-1,-1
318,2,787.94,31.21,23.99,50.64,0.8540,-1,-1,-1
319,15,45.12,51.92,30.20,101.70,0.6864,-1,-1,-1
319,14,235.04,99.51,59.87,167.05,0.6480,-1,-1,-1
319,13,827.57,75.89,28.43,89.81,0.5302,-1,-1,-1
319,11,740.21,65.34,38.11,82.94,0.8081,-1,-1,-1
319,7,572.53,48.86,41.15,98.39,0.7757,-1,-1,-1
319,2,788.79,30.95,23.02,50.87,0.8540,-1,-1,-1
320,15,47.78,51.69,30.39,103.76,0.6864,-1,-1,-1
320,14,238.44,99.30,62.31,167.69,0.6480,-1,-1,-1
320,13,827.97,76.47,28.03,90.01,0.5302,-1,-1,-1
320,11,742.14,65.51,37.71,81.28,0.8081,-1,-1,-1
320,7,573.47,48.60,41.67,98.95,0.7757,-1,-1,-1
320,2,789.75,31.69,22.19,49.58,0.8540,-1,-1,-1
321,15,50.70,51.95,31.34,101.21,0.6864,-1,-1,-1
321,14,242.30,99.41,63.28,166.81,0.6480,-1,-1,-1
321,13,829.13,76.34,26.85,88.10,0.5302,-1,-1,-1
321,11,744.15,65.27,37.89,80.12,0.8081,-1,-1,-1
321,7,574.20,48.00,41.59,99.40,0.7757,-1,-1,-1
321,2,789.85,31.66,22.09,48.62,0.8540,-1,-1,-1
322,15,51.79,51.96,36.37,105.71,0.6864,-1,-1,-1
322,14,246.33,99.27,64.31,168.56,0.6480,-1,-1,-1
322,13,829.55,75.05,26.45,90.39,0.5302,-1,-1,-1
322,11,745.81,65.84,38.38,78.34,0.8081,-1,-1,-1
322,7,576.81,47.73,40.19,98.06,0.7757,-1,-1,-1
322,2,789.55,31.12,22.43,49.54,0.8540,-1,-1,-1
323,15,52.89,52.15,44.09,101.27,0.6864,-1,-1,-1
323,14,249.15,99.75,65.63,168.05,0.6480,-1,-1,-1
323,13,830.62,74.60,25.38,89.55,0.5302,-1,-1,-1
323,11,748.24,67.86,37.54,76.60,0.8081,-1,-1,-1
323,7,580.36,47.65,37.03,98.62,0.7757,-1,-1,-1
323,2,790.55,30.89,21.47,49.83,0.8540,-1,-1,-1
324,15,53.97,52.46,46.04,103.46,0.6864,-1,-1,-1
324,14,251.31,100.25,67.84,167.26,0.6480,-1,-1,-1
324,13,831.10,74.53,24.90,89.28,0.5302,-1,-1,-1
324,11,750.15,65.71,37.79,71.94,0.8081,-1,-1,-1
324,7,582.98,46.97,35.71,97.98,0.7757,-1,-1,-1
324,2,791.00,30.65,21.26,50.49,0.8540,-1,-1,-1
325,14,253.22,99.49,69.33,167.15,0.6480,-1,-1,-1
325,13,832.16,76.53,23.84,86.83,0.5302,-1,-1,-1
325,11,751.58,66.44,37.63,71.20,0.8081,-1,-1,-1
325,7,585.78,46.92,33.96,97.01,0.7757,-1,-1,-1
325,2,791.82,30.20,20.82,51.07,0.8540,-1,-1,-1
326,14,258.85,99.40,67.37,164.79,0.6480,-1,-1,-1
326,13,832.92,84.98,23.08,77.39,0.5302,-1,-1,-1
326,11,752.66,62.92,38.31,80.11,0.8081,-1,-1,-1
326,7,587.72,47.14,33.98,96.74,0.7757,-1,-1,-1
326,2,792.09,30.05,20.88,50.88,0.8540,-1,-1,-1
327,14,265.42,98.76,64.46,160.68,0.6480,-1,-1,-1
327,13,835.23,88.14,20.72,71.70,0.5302,-1,-1,-1
327,11,755.29,65.02,38.28,74.42,0.8081,-1,-1,-1
327,7,588.45,47.94,33.73,96.33,0.7757,-1,-1,-1
327,2,792.76,29.98,20.63,50.53,0.8540,-1,-1,-1
328,14,272.23,97.16,61.65,152.87,0.6480,-1,-1,-1
328,13,835.43,87.00,20.53,73.31,0.5302,-1,-1,-1
328,11,757.92,61.30,37.89,81.35,0.8081,-1,-1,-1
328,7,589.58,48.36,33.11,96.00,0.7757,-1,-1,-1
328,2,793.51,30.32,19.90,50.01,0.8540,-1,-1,-1
329,14,277.66,95.37,58.83,152.57,0.6480,-1,-1,-1
329,13,837.23,85.33,18.77,73.78,0.5302,-1,-1,-1
329,11,759.83,61.74,37.59,75.04,0.8081,-1,-1,-1
329,7,589.97,49.22,34.73,94.29,0.7757,-1,-1,-1
329,2,793.80,31.21,19.83,49.17,0.8540,-1,-1,-1
330,14,283.18,92.95,56.71,157.14,0.6480,-1,-1,-1
330,13,838.98,84.25,17.02,75.68,0.5302,-1,-1,-1
330,11,760.93,61.07,37.92,79.98,0.8081,-1,-1,-1
330,7,590.48,49.10,35.82,93.83,0.7757,-1,-1,-1
330,2,794.38,31.67,19.26,49.09,0.8540,-1,-1,-1
331,14,288.37,91.45,55.46,158.57,0.6480,-1,-1,-1
331,13,839.59,85.83,16.41,72.45,0.5302,-1,-1,-1
331,11,762.33,61.78,37.31,77.58,0.8081,-1,-1,-1
331,7,590.47,49.15,37.24,93.54,0.7757,-1,-1,-1
331,2,795.43,31.99,18.79,48.26,0.8540,-1,-1,-1
332,14,293.53,90.84,53.51,156.94,0.6480,-1,-1,-1
332,11,764.01,61.45,36.91,79.02,0.8081,-1,-1,-1
332,7,590.81,49.07,38.45,93.62,0.7757,-1,-1,-1
332,2,795.81,32.70,18.94,47.77,0.8540,-1,-1,-1
333,14,296.77,90.71,54.06,155.00,0.6480,-1,-1,-1
333,11,766.17,61.07,36.05,81.83,0.8081,-1,-1,-1
333,7,591.89,48.51,39.87,94.31,0.7757,-1,-1,-1
333,2,797.23,32.70,17.98,47.69,0.8540,-1,-1,-1
334,15,100.00,47.62,26.46,93.32,0.6864,-1,-1,-1
334,14,299.89,90.53,56.48,155.17,0.6480,-1,-1,-1
334,11,767.75,60.78,35.67,80.34,0.8081,-1,-1,-1
334,7,591.96,49.21,40.81,93.43,0.7757,-1,-1,-1
334,2,797.95,32.71,18.08,47.49,0.8540,-1,-1,-1
335,15,101.63,47.78,30.44,93.87,0.6864,-1,-1,-1
335,14,300.22,90.94,65.00,154.73,0.6480,-1,-1,-1
335,7,592.36,48.92,42.43,93.81,0.7757,-1,-1,-1
335,2,798.22,32.24,18.23,48.91,0.8540,-1,-1,-1
336,15,104.17,47.73,34.27,92.64,0.6864,-1,-1,-1
336,14,301.02,91.70,68.10,152.16,0.6480,-1,-1,-1
336,7,599.76,48.15,39.79,93.74,0.7757,-1,-1,-1
336,2,798.97,31.90,18.12,47.79,0.8540,-1,-1,-1
337,15,107.13,47.92,31.74,91.44,0.6864,-1,-1,-1
337,14,302.04,91.79,68.50,151.64,0.6480,-1,-1,-1
337,7,602.60,47.88,38.81,94.36,0.7757,-1,-1,-1
337,2,799.44,32.11,17.86,47.87,0.8540,-1,-1,-1
338,15,110.02,47.65,30.99,91.14,0.6864,-1,-1,-1
338,14,306.03,91.30,68.26,148.48,0.6480,-1,-1,-1
338,11,777.26,61.40,31.97,72.64,0.8081,-1,-1,-1
338,7,606.71,48.20,36.63,93.70,0.7757,-1,-1,-1
339,15,112.99,47.64,30.17,90.82,0.6864,-1,-1,-1
339,14,311.88,90.74,65.82,146.15,0.6480,-1,-1,-1
339,11,777.96,62.57,33.57,71.93,0.8081,-1,-1,-1
339,7,611.69,48.23,33.41,93.19,0.7757,-1,-1,-1
340,15,116.37,46.19,28.75,91.22,0.6864,-1,-1,-1
340,14,320.21,89.12,61.48,143.66,0.6480,-1,-1,-1
340,11,779.93,60.22,32.49,74.68,0.8081,-1,-1,-1
340,7,614.22,48.67,33.08,93.24,0.7757,-1,-1,-1
341,14,326.71,87.96,58.18,144.19,0.6480,-1,-1,-1
341,11,781.43,58.18,33.03,76.51,0.8081,-1,-1,-1
341,7,614.66,48.87,34.60,92.64,0.7757,-1,-1,-1
342,14,334.08,85.29,54.66,145.89,0.6480,-1,-1,-1
342,11,783.18,57.75,33.55,75.76,0.8081,-1,-1,-1
342,7,615.05,49.16,36.70,92.24,0.7757,-1,-1,-1
343,14,336.62,83.73,55.60,146.67,0.6480,-1,-1,-1
343,11,784.70,57.72,33.22,75.47,0.8081,-1,-1,-1
343,7,615.32,50.14,38.38,91.08,0.7757,-1,-1,-1
344,14,338.47,82.76,57.39,148.61,0.6480,-1,-1,-1
344,11,786.75,58.15,32.64,72.40,0.8081,-1,-1,-1
344,7,615.80,50.21,40.05,90.72,0.7757,-1,-1,-1
345,14,339.43,82.50,60.31,148.73,0.6480,-1,-1,-1
345,11,787.44,59.06,33.11,75.05,0.8081,-1,-1,-1
345,7,617.18,49.84,40.58,90.92,0.7757,-1,-1,-1
346,14,340.47,82.61,62.28,148.68,0.6480,-1,-1,-1
346,11,788.61,58.73,33.15,75.05,0.8081,-1,-1,-1
346,7,617.59,49.45,41.86,91.74,0.7757,-1,-1,-1
347,14,341.95,83.00,64.21,148.00,0.6480,-1,-1,-1
347,11,790.80,44.63,32.56,87.78,0.8081,-1,-1,-1
347,7,619.10,49.42,43.25,90.60,0.7757,-1,-1,-1
348,14,343.15,83.19,65.92,148.11,0.6480,-1,-1,-1
348,11,793.03,54.80,31.51,76.12,0.8081,-1,-1,-1
348,7,622.82,48.94,40.35,90.57,0.7757,-1,-1,-1
349,14,347.13,83.62,64.82,147.49,0.6480,-1,-1,-1
349,11,794.15,52.23,31.96,80.77,0.8081,-1,-1,-1
349,7,625.94,48.69,37.65,90.86,0.7757,-1,-1,-1
350,14,351.03,83.58,63.09,145.52,0.6480,-1,-1,-1
350,11,795.91,52.90,31.75,79.94,0.8081,-1,-1,-1
350,7,629.59,49.04,34.96,89.32,0.7757,-1,-1,-1
351,14,356.58,82.53,60.71,144.45,0.6480,-1,-1,-1
351,11,797.60,56.71,31.34,74.69,0.8081,-1,-1,-1
351,7,633.97,48.69,30.47,88.88,0.7757,-1,-1,-1
352,14,361.80,82.27,58.71,135.07,0.6480,-1,-1,-1
352,11,798.36,56.06,32.06,73.09,0.8081,-1,-1,-1
352,7,636.17,48.53,28.42,89.16,0.7757,-1,-1,-1
353,14,367.74,80.44,55.37,136.15,0.6480,-1,-1,-1
353,11,799.06,56.00,32.06,72.65,0.8081,-1,-1,-1
353,7,638.60,48.24,26.92,91.07,0.7757,-1,-1,-1
354,14,374.62,79.01,50.86,136.70,0.6480,-1,-1,-1
354,11,801.59,55.92,30.98,70.90,0.8081,-1,-1,-1
354,7,638.57,48.29,28.49,91.28,0.7757,-1,-1,-1
355,14,380.90,78.11,47.25,137.68,0.6480,-1,-1,-1
355,11,802.74,56.11,30.88,69.24,0.8081,-1,-1,-1
355,7,638.78,49.19,30.10,90.26,0.7757,-1,-1,-1
356,14,384.39,77.41,46.35,138.48,0.6480,-1,-1,-1
356,11,804.49,56.05,30.67,69.72,0.8081,-1,-1,-1
356,7,638.91,49.38,32.74,89.92,0.7757,-1,-1,-1
357,15,173.92,42.98,23.51,85.10,0.6864,-1,-1,-1
357,14,387.46,76.90,45.65,138.28,0.6480,-1,-1,-1
357,11,805.25,56.07,31.12,71.25,0.8081,-1,-1,-1
357,7,639.15,49.51,35.44,89.77,0.7757,-1,-1,-1
358,16,782.54,29.27,19.91,45.49,0.5747,-1,-1,-1
358,15,175.51,43.42,24.88,86.73,0.6864,-1,-1,-1
358,14,389.24,76.80,46.78,137.12,0.6480,-1,-1,-1
358,11,807.05,56.12,29.99,70.25,0.8081,-1,-1,-1
358,7,639.04,48.73,36.83,90.34,0.7757,-1,-1,-1
359,15,177.33,42.44,26.88,87.48,0.6864,-1,-1,-1
359,14,390.90,76.59,48.30,137.54,0.6480,-1,-1,-1
359,11,808.26,55.99,30.36,70.13,0.8081,-1,-1,-1
359,7,639.41,50.42,37.28,88.56,0.7757,-1,-1,-1
360,15,178.84,44.28,33.43,90.09,0.6864,-1,-1,-1
360,14,391.48,77.84,53.60,135.96,0.6480,-1,-1,-1
360,11,811.02,55.85,29.82,69.20,0.8081,-1,-1,-1
360,7,641.51,51.60,39.64,86.86,0.7757,-1,-1,-1
360,2,802.72,30.30,18.87,46.48,0.8540,-1,-1,-1
361,15,178.73,48.30,34.73,85.75,0.6864,-1,-1,-1
361,14,392.17,77.79,55.12,135.35,0.6480,-1,-1,-1
361,11,812.80,55.72,28.88,68.74,0.8081,-1,-1,-1
361,7,644.37,51.23,38.94,87.06,0.7757,-1,-1,-1
361,2,803.11,30.53,18.76,46.08,0.8540,-1,-1,-1
362,16,786.04,29.42,18.64,44.68,0.5747,-1,-1,-1
362,14,392.94,77.71,58.38,134.11,0.6480,-1,-1,-1
362,11,813.96,55.68,29.81,68.21,0.8081,-1,-1,-1
362,7,656.33,51.17,28.91,87.42,0.7757,-1,-1,-1
362,2,803.72,30.01,18.33,45.94,0.8540,-1,-1,-1
363,16,785.94,29.35,18.29,44.98,0.5747,-1,-1,-1
363,14,395.77,77.38,58.86,131.02,0.6480,-1,-1,-1
363,11,814.91,55.57,29.28,67.31,0.8081,-1,-1,-1
363,7,651.56,50.75,34.93,87.81,0.7757,-1,-1,-1
363,2,803.97,29.81,18.46,46.79,0.8540,-1,-1,-1
364,16,786.13,29.13,18.11,44.91,0.5747,-1,-1,-1
364,14,399.82,76.99,57.38,129.75,0.6480,-1,-1,-1
364,11,816.47,55.21,29.98,68.84,0.8081,-1,-1,-1
364,7,655.22,51.20,33.07,87.42,0.7757,-1,-1,-1
364,2,804.12,29.75,18.51,46.53,0.8540,-1,-1,-1
365,16,786.13,29.09,17.97,44.81,0.5747,-1,-1,-1
365,14,404.06,73.86,56.03,131.63,0.6480,-1,-1,-1
365,11,817.72,55.25,29.44,67.79,0.8081,-1,-1,-1
365,7,657.23,51.03,33.17,87.15,0.7757,-1,-1,-1
365,2,804.51,29.76,18.39,46.42,0.8540,-1,-1,-1
366,16,786.48,29.17,17.38,44.58,0.5747,-1,-1,-1
366,14,411.08,72.69,52.52,130.93,0.6480,-1,-1,-1
366,11,818.84,55.40,28.41,67.72,0.8081,-1,-1,-1
366,7,660.44,51.73,32.72,86.62,0.7757,-1,-1,-1
366,2,804.88,30.02,18.15,46.04,0.8540,-1,-1,-1
367,16,786.55,28.52,17.62,45.43,0.5747,-1,-1,-1
367,14,416.51,71.06,48.65,132.03,0.6480,-1,-1,-1
367,11,819.84,54.97,28.08,67.91,0.8081,-1,-1,-1
367,7,661.75,51.87,34.05,85.96,0.7757,-1,-1,-1
367,2,804.93,30.59,18.15,45.33,0.8540,-1,-1,-1
368,16,786.77,29.05,17.43,45.77,0.5747,-1,-1,-1
368,14,419.61,70.64,47.76,131.15,0.6480,-1,-1,-1
368,11,820.48,54.88,28.54,68.22,0.8081,-1,-1,-1
368,7,662.48,52.09,35.72,86.12,0.7757,-1,-1,-1
368,2,805.52,31.01,17.66,45.20,0.8540,-1,-1,-1
369,16,787.43,29.21,17.13,45.22,0.5747,-1,-1,-1
369,14,418.83,70.32,50.95,132.39,0.6480,-1,-1,-1
369,11,821.94,54.78,27.89,67.45,0.8081,-1,-1,-1
369,7,662.93,52.41,37.18,85.72,0.7757,-1,-1,-1
369,2,805.99,30.96,17.17,44.99,0.8540,-1,-1,-1
370,16,787.50,29.03,17.53,45.44,0.5747,-1,-1,-1
370,14,417.91,70.21,54.67,132.46,0.6480,-1,-1,-1
370,11,822.72,54.97,27.51,66.56,0.8081,-1,-1,-1
370,7,663.26,52.76,38.56,85.15,0.7757,-1,-1,-1
370,2,805.88,31.05,17.29,45.20,0.8540,-1,-1,-1
371,14,416.95,70.42,57.86,131.90,0.6480,-1,-1,-1
371,11,823.47,54.77,27.36,66.76,0.8081,-1,-1,-1
371,7,664.10,52.72,39.10,84.95,0.7757,-1,-1,-1
371,2,806.18,31.19,17.07,44.89,0.8540,-1,-1,-1
372,14,417.51,70.51,59.96,130.83,0.6480,-1,-1,-1
372,11,824.47,54.08,26.83,66.16,0.8081,-1,-1,-1
372,7,665.60,52.62,39.73,85.15,0.7757,-1,-1,-1
372,2,806.31,30.91,16.93,45.26,0.8540,-1,-1,-1
373,14,419.40,71.28,59.78,130.98,0.6480,-1,-1,-1
373,11,825.26,54.03,26.70,65.58,0.8081,-1,-1,-1
373,7,666.68,52.63,39.35,84.94,0.7757,-1,-1,-1
373,2,806.55,30.86,17.12,44.90,0.8540,-1,-1,-1
374,14,422.03,71.90,58.44,129.52,0.6480,-1,-1,-1
374,11,825.48,53.58,27.45,66.31,0.8081,-1,-1,-1
374,7,668.21,52.62,38.41,84.23,0.7757,-1,-1,-1
374,2,806.72,30.73,17.05,44.68,0.8540,-1,-1,-1
375,15,222.62,37.15,34.95,83.36,0.6864,-1,-1,-1
375,14,425.05,71.59,57.77,128.16,0.6480,-1,-1,-1
375,11,826.76,53.45,27.53,63.67,0.8081,-1,-1,-1
375,7,672.00,52.61,34.62,83.90,0.7757,-1,-1,-1
375,2,807.00,30.83,16.91,44.29,0.8540,-1,-1,-1
376,15,225.12,37.48,32.87,81.63,0.6864,-1,-1,-1
376,14,430.36,71.54,53.93,122.97,0.6480,-1,-1,-1
376,11,827.18,53.28,28.09,65.06,0.8081,-1,-1,-1
376,7,674.49,51.78,30.86,83.74,0.7757,-1,-1,-1
376,2,807.36,30.62,16.59,44.80,0.8540,-1,-1,-1
377,15,231.31,36.86,27.69,82.11,0.6864,-1,-1,-1
377,14,435.36,70.34,51.09,122.33,0.6480,-1,-1,-1
377,11,828.55,53.01,26.99,63.21,0.8081,-1,-1,-1
377,7,677.47,52.01,28.07,83.68,0.7757,-1,-1,-1
377,2,807.51,30.53,16.70,45.30,0.8540,-1,-1,-1
378,14,439.82,68.66,48.16,123.07,0.6480,-1,-1,-1
378,11,828.83,52.91,26.96,64.13,0.8081,-1,-1,-1
378,7,679.15,51.26,27.12,84.73,0.7757,-1,-1,-1
378,2,807.73,30.68,16.61,45.20,0.8540,-1,-1,-1
379,14,445.32,68.01,44.84,123.30,0.6480,-1,-1,-1
379,11,829.45,52.66,26.34,64.06,0.8081,-1,-1,-1
379,7,680.60,52.23,26.72,83.91,0.7757,-1,-1,-1
379,2,807.83,30.71,16.50,44.91,0.8540,-1,-1,-1
380,14,446.79,67.14,45.50,124.35,0.6480,-1,-1,-1
380,11,830.92,52.21,25.00,64.13,0.8081,-1,-1,-1
380,7,682.02,51.94,26.45,83.79,0.7757,-1,-1,-1
380,2,808.12,30.95,16.31,44.38,0.8540,-1,-1,-1
381,14,451.45,66.85,42.74,124.56,0.6480,-1,-1,-1
381,11,831.79,51.86,24.20,64.83,0.8081,-1,-1,-1
381,7,682.59,52.49,27.49,82.73,0.7757,-1,-1,-1
381,2,808.46,31.41,16.29,43.56,0.8540,-1,-1,-1
382,14,453.25,67.06,43.30,122.81,0.6480,-1,-1,-1
382,11,832.50,51.61,23.50,64.51,0.8081,-1,-1,-1
382,7,682.92,52.39,28.82,82.51,0.7757,-1,-1,-1
382,2,808.64,31.38,16.54,43.41,0.8540,-1,-1,-1
383,14,453.91,67.60,44.46,122.10,0.6480,-1,-1,-1
383,11,833.45,51.37,22.55,64.22,0.8081,-1,-1,-1
383,7,683.23,53.23,30.18,81.09,0.7757,-1,-1,-1
383,2,808.88,32.04,16.73,42.67,0.8540,-1,-1,-1
384,14,454.95,68.22,47.63,120.52,0.6480,-1,-1,-1
384,11,836.05,51.52,19.95,63.36,0.8081,-1,-1,-1
384,7,683.71,53.29,33.13,81.31,0.7757,-1,-1,-1
384,2,809.20,31.86,17.67,43.27,0.8540,-1,-1,-1
385,14,455.31,66.58,50.11,122.19,0.6480,-1,-1,-1
385,11,837.21,50.92,18.79,63.86,0.8081,-1,-1,-1
385,7,683.63,52.89,34.34,81.82,0.7757,-1,-1,-1
385,2,809.37,31.29,18.16,43.66,0.8540,-1,-1,-1
386,14,455.83,68.40,52.10,118.96,0.6480,-1,-1,-1
386,11,837.83,49.45,18.14,64.88,0.8081,-1,-1,-1
386,7,683.69,52.91,36.19,81.98,0.7757,-1,-1,-1
386,2,809.63,31.22,18.51,43.44,0.8540,-1,-1,-1
387,16,793.22,26.78,18.02,44.93,0.5747,-1,-1,-1
387,14,457.70,68.01,52.84,118.38,0.6480,-1,-1,-1
387,11,838.45,48.89,17.52,64.99,0.8081,-1,-1,-1
387,7,685.79,53.64,35.51,80.98,0.7757,-1,-1,-1
387,2,810.20,30.70,18.30,44.02,0.8540,-1,-1,-1
388,16,793.86,26.50,17.75,44.75,0.5747,-1,-1,-1
388,14,460.13,67.76,52.99,117.59,0.6480,-1,-1,-1
388,11,839.46,48.57,16.54,65.00,0.8081,-1,-1,-1
388,7,687.77,53.32,34.92,81.03,0.7757,-1,-1,-1
388,2,810.67,30.36,18.35,44.13,0.8540,-1,-1,-1
389,16,794.53,26.35,17.64,45.04,0.5747,-1,-1,-1
389,14,463.74,66.69,52.23,115.59,0.6480,-1,-1,-1
389,11,840.57,47.79,15.43,65.02,0.8081,-1,-1,-1
389,7,690.29,53.36,34.20,80.46,0.7757,-1,-1,-1
389,2,811.44,30.14,17.94,44.31,0.8540,-1,-1,-1
390,16,794.90,26.53,17.37,45.01,0.5747,-1,-1,-1
390,14,468.32,66.54,49.26,114.88,0.6480,-1,-1,-1
390,11,841.47,46.91,14.53,65.42,0.8081,-1,-1,-1
390,7,693.87,53.82,32.53,79.87,0.7757,-1,-1,-1
390,2,811.82,29.71,17.82,44.65,0.8540,-1,-1,-1
391,16,795.88,26.92,16.43,44.80,0.5747,-1,-1,-1
391,14,473.85,64.93,45.78,116.29,0.6480,-1,-1,-1
391,11,841.89,47.35,14.11,64.97,0.8081,-1,-1,-1
391,7,696.50,53.45,31.61,80.73,0.7757,-1,-1,-1
391,2,812.82,29.27,16.99,44.85,0.8540,-1,-1,-1
392,16,796.16,27.05,16.41,44.86,0.5747,-1,-1,-1
392,14,477.75,62.93,44.42,117.21,0.6480,-1,-1,-1
392,11,841.96,48.37,14.04,63.59,0.8081,-1,-1,-1
392,7,698.04,52.53,31.99,81.87,0.7757,-1,-1,-1
392,2,813.22,29.79,16.94,44.35,0.8540,-1,-1,-1
393,16,796.23,27.15,16.53,44.63,0.5747,-1,-1,-1
393,14,478.84,62.69,45.18,117.51,0.6480,-1,-1,-1
393,11,843.61,46.01,12.39,64.51,0.8081,-1,-1,-1
393,7,698.74,53.30,33.09,80.55,0.7757,-1,-1,-1
393,2,813.43,29.90,16.70,44.18,0.8540,-1,-1,-1
394,16,796.36,27.35,16.43,44.37,0.5747,-1,-1,-1
394,14,478.27,61.40,48.34,119.29,0.6480,-1,-1,-1
394,11,844.22,46.65,11.78,63.08,0.8081,-1,-1,-1
394,7,699.34,54.20,33.97,79.57,0.7757,-1,-1,-1
394,2,813.62,30.25,16.68,43.62,0.8540,-1,-1,-1
395,16,796.42,27.44,16.38,44.22,0.5747,-1,-1,-1
395,14,477.91,60.82,50.56,119.56,0.6480,-1,-1,-1
395,11,844.28,44.92,11.72,66.20,0.8081,-1,-1,-1
395,7,700.13,54.31,34.73,79.25,0.7757,-1,-1,-1
395,2,813.83,30.45,16.50,43.48,0.8540,-1,-1,-1
396,14,478.84,61.47,51.09,118.57,0.6480,-1,-1,-1
396,11,844.61,43.89,11.39,66.79,0.8081,-1,-1,-1
396,7,701.00,55.24,34.19,78.37,0.7757,-1,-1,-1
396,2,813.79,30.33,16.61,43.66,0.8540,-1,-1,-1
397,14,479.93,61.42,51.49,117.91,0.6480,-1,-1,-1
397,11,845.34,41.88,10.66,66.79,0.8081,-1,-1,-1
397,7,702.18,55.97,35.39,77.60,0.7757,-1,-1,-1
397,2,813.91,30.22,16.68,43.95,0.8540,-1,-1,-1
398,14,482.06,61.79,51.21,116.50,0.6480,-1,-1,-1
398,11,845.45,42.74,10.55,68.70,0.8081,-1,-1,-1
398,7,703.35,56.31,35.33,77.05,0.7757,-1,-1,-1
398,2,814.18,30.25,16.45,44.16,0.8540,-1,-1,-1
399,14,484.82,60.78,49.55,115.99,0.6480,-1,-1,-1
399,11,846.59,44.66,9.41,66.02,0.8081,-1,-1,-1
399,7,704.56,55.72,33.76,78.06,0.7757,-1,-1,-1
399,2,814.33,30.37,16.36,43.95,0.8540,-1,-1,-1
400,14,487.63,61.08,48.89,112.15,0.6480,-1,-1,-1
400,11,847.30,44.88,8.70,64.53,0.8081,-1,-1,-1
400,7,706.52,55.24,31.82,77.83,0.7757,-1,-1,-1
400,2,814.65,30.21,16.14,43.65,0.8540,-1,-1,-1
401,14,490.72,61.77,47.42,110.17,0.6480,-1,-1,-1
401,11,847.98,43.58,8.02,65.52,0.8081,-1,-1,-1
401,7,709.46,54.19,29.01,78.12,0.7757,-1,-1,-1
401,2,814.65,30.04,16.20,43.78,0.8540,-1,-1,-1
402,16,797.94,27.58,14.62,43.65,0.5747,-1,-1,-1
402,14,495.48,60.05,44.05,112.13,0.6480,-1,-1,-1
402,7,711.15,53.22,28.12,78.86,0.7757,-1,-1,-1
402,2,814.71,30.06,16.24,44.06,0.8540,-1,-1,-1
403,16,798.05,27.54,14.86,43.41,0.5747,-1,-1,-1
403,14,498.90,59.88,42.36,110.13,0.6480,-1,-1,-1
403,7,712.79,52.80,27.18,78.83,0.7757,-1,-1,-1
403,2,815.11,30.10,16.01,44.02,0.8540,-1,-1,-1
404,16,798.14,27.70,14.81,43.34,0.5747,-1,-1,-1
404,14,501.92,59.61,40.67,111.33,0.6480,-1,-1,-1
404,7,714.81,53.14,25.70,77.93,0.7757,-1,-1,-1
404,2,815.33,29.95,15.84,44.37,0.8540,-1,-1,-1
405,16,798.21,27.87,14.86,43.28,0.5747,-1,-1,-1
405,14,503.90,58.61,40.85,112.07,0.6480,-1,-1,-1
405,7,716.44,53.10,25.48,78.27,0.7757,-1,-1,-1
405,2,815.41,30.07,15.92,44.00,0.8540,-1,-1,-1
406,16,798.21,27.89,15.10,43.21,0.5747,-1,-1,-1
406,14,506.33,58.52,40.27,110.84,0.6480,-1,-1,-1
406,7,717.10,53.99,25.91,76.89,0.7757,-1,-1,-1
406,2,815.55,30.35,16.09,43.43,0.8540,-1,-1,-1
407,16,798.29,28.30,15.20,42.67,0.5747,-1,-1,-1
407,14,507.19,57.95,41.02,110.12,0.6480,-1,-1,-1
407,7,717.96,53.85,25.85,76.74,0.7757,-1,-1,-1
407,2,815.88,30.83,16.09,42.80,0.8540,-1,-1,-1
408,16,798.38,28.38,15.18,41.98,0.5747,-1,-1,-1
408,14,507.50,59.27,43.93,106.77,0.6480,-1,-1,-1
408,7,718.72,54.68,27.66,75.25,0.7757,-1,-1,-1
408,2,816.44,31.53,15.91,41.73,0.8540,-1,-1,-1
409,16,798.31,28.64,15.46,41.85,0.5747,-1,-1,-1
409,14,508.02,59.52,45.70,108.36,0.6480,-1,-1,-1
409,7,718.89,54.23,28.98,75.44,0.7757,-1,-1,-1
409,2,816.21,31.66,16.58,42.00,0.8540,-1,-1,-1
410,16,798.44,28.21,15.81,42.29,0.5747,-1,-1,-1
410,14,508.56,59.69,47.05,107.48,0.6480,-1,-1,-1
410,7,718.90,54.39,30.28,75.05,0.7757,-1,-1,-1
410,2,816.22,31.88,17.18,41.86,0.8540,-1,-1,-1
411,16,798.78,27.93,15.76,42.52,0.5747,-1,-1,-1
411,14,508.59,59.90,49.12,106.56,0.6480,-1,-1,-1
411,7,718.78,53.62,31.91,76.20,0.7757,-1,-1,-1
411,2,816.30,31.51,17.96,41.91,0.8540,-1,-1,-1
412,16,799.25,27.57,15.89,42.76,0.5747,-1,-1,-1
412,14,510.95,59.92,48.74,105.84,0.6480,-1,-1,-1
412,7,719.43,54.26,32.44,75.55,0.7757,-1,-1,-1
412,2,817.11,30.72,17.63,42.29,0.8540,-1,-1,-1
413,16,799.28,27.32,16.17,42.94,0.5747,-1,-1,-1
413,14,512.53,58.87,48.98,105.52,0.6480,-1,-1,-1
413,7,719.96,53.79,33.34,76.27,0.7757,-1,-1,-1
413,2,817.77,30.16,17.37,42.60,0.8540,-1,-1,-1
414,16,799.14,26.05,16.38,43.86,0.5747,-1,-1,-1
414,14,516.14,57.86,47.39,104.58,0.6480,-1,-1,-1
414,7,722.29,54.57,32.62,75.40,0.7757,-1,-1,-1
414,2,818.24,29.72,17.19,42.98,0.8540,-1,-1,-1
415,16,799.34,25.74,16.64,44.33,0.5747,-1,-1,-1
415,14,519.46,56.65,45.95,104.89,0.6480,-1,-1,-1
415,7,724.79,54.45,31.35,75.06,0.7757,-1,-1,-1
415,2,818.47,28.65,17.62,44.32,0.8540,-1,-1,-1
416,14,522.16,55.85,44.87,105.42,0.6480,-1,-1,-1
416,7,727.24,54.55,30.17,75.10,0.7757,-1,-1,-1
416,2,818.74,28.15,17.80,44.78,0.8540,-1,-1,-1
417,14,524.96,55.27,44.14,105.73,0.6480,-1,-1,-1
417,7,729.79,54.47,29.15,75.09,0.7757,-1,-1,-1
417,2,819.46,28.30,17.39,44.26,0.8540,-1,-1,-1
418,14,525.28,55.02,45.62,106.17,0.6480,-1,-1,-1
418,7,731.10,54.62,29.71,75.32,0.7757,-1,-1,-1
418,2,819.77,29.25,17.07,43.35,0.8540,-1,-1,-1
419,14,524.07,55.14,48.37,106.11,0.6480,-1,-1,-1
419,7,732.33,54.86,29.54,74.81,0.7757,-1,-1,-1
419,2,820.26,30.12,16.61,42.71,0.8540,-1,-1,-1
420,14,525.13,55.24,48.69,105.50,0.6480,-1,-1,-1
420,7,732.72,54.96,30.91,74.44,0.7757,-1,-1,-1
420,2,820.51,30.71,16.13,41.83,0.8540,-1,-1,-1
421,14,526.09,55.69,49.18,103.42,0.6480,-1,-1,-1
421,7,733.00,55.06,32.40,74.43,0.7757,-1,-1,-1
421,2,820.43,30.68,16.26,42.03,0.8540,-1,-1,-1
422,16,800.94,26.52,15.79,43.34,0.5747,-1,-1,-1
422,14,527.15,56.01,49.33,102.80,0.6480,-1,-1,-1
422,7,733.18,55.36,32.46,73.96,0.7757,-1,-1,-1
422,2,820.71,30.51,15.98,42.22,0.8540,-1,-1,-1
423,16,801.26,26.49,15.51,43.36,0.5747,-1,-1,-1
423,14,529.12,56.48,48.97,100.80,0.6480,-1,-1,-1
423,7,733.90,55.52,33.01,73.77,0.7757,-1,-1,-1
423,2,820.75,30.19,15.79,42.55,0.8540,-1,-1,-1
424,16,801.42,26.46,15.28,43.46,0.5747,-1,-1,-1
424,14,530.62,55.89,48.84,101.45,0.6480,-1,-1,-1
424,7,735.02,56.17,32.29,73.04,0.7757,-1,-1,-1
424,2,820.83,30.05,15.70,42.69,0.8540,-1,-1,-1
425,16,801.62,26.44,15.20,43.33,0.5747,-1,-1,-1
425,14,533.70,55.72,46.83,101.25,0.6480,-1,-1,-1
425,7,736.22,55.92,32.59,73.41,0.7757,-1,-1,-1
425,2,820.66,29.92,15.85,42.43,0.8540,-1,-1,-1
426,16,801.94,26.59,14.86,42.42,0.5747,-1,-1,-1
426,14,536.54,55.43,44.82,99.50,0.6480,-1,-1,-1
426,7,737.72,55.45,30.88,73.50,0.7757,-1,-1,-1
426,2,820.71,30.07,15.77,41.65,0.8540,-1,-1,-1
427,14,539.85,55.16,42.83,99.75,0.6480,-1,-1,-1
427,7,739.14,55.37,29.58,73.31,0.7757,-1,-1,-1
427,2,820.89,29.55,15.98,42.02,0.8540,-1,-1,-1
428,14,543.42,54.64,40.43,99.41,0.6480,-1,-1,-1
428,7,741.39,54.67,27.25,73.56,0.7757,-1,-1,-1
428,2,820.67,29.03,16.41,42.65,0.8540,-1,-1,-1
429,14,546.03,53.69,39.31,99.10,0.6480,-1,-1,-1
429,7,743.50,53.01,25.40,75.20,0.7757,-1,-1,-1
429,2,821.09,29.10,16.26,42.56,0.8540,-1,-1,-1
430,16,802.44,26.22,15.27,42.76,0.5747,-1,-1,-1
430,14,547.04,52.20,39.85,100.96,0.6480,-1,-1,-1
430,7,744.56,52.77,25.24,75.12,0.7757,-1,-1,-1
430,2,821.30,29.57,16.24,41.88,0.8540,-1,-1,-1
431,16,802.70,26.44,15.37,42.30,0.5747,-1,-1,-1
431,14,548.97,52.24,39.74,100.10,0.6480,-1,-1,-1
431,7,745.80,52.95,24.78,75.19,0.7757,-1,-1,-1
431,2,821.53,29.60,16.06,42.15,0.8540,-1,-1,-1
432,16,802.95,27.17,15.06,41.30,0.5747,-1,-1,-1
432,14,550.05,53.05,41.82,97.44,0.6480,-1,-1,-1
432,7,747.65,51.66,24.91,76.22,0.7757,-1,-1,-1
432,2,821.77,31.25,16.03,40.52,0.8540,-1,-1,-1
433,16,802.51,27.19,15.72,41.19,0.5747,-1,-1,-1
433,14,550.83,53.11,42.40,97.46,0.6480,-1,-1,-1
433,7,748.73,51.35,24.92,75.32,0.7757,-1,-1,-1
433,2,821.99,31.75,16.08,40.01,0.8540,-1,-1,-1
434,16,802.61,26.93,15.92,41.27,0.5747,-1,-1,-1
434,14,550.93,54.30,43.89,96.35,0.6480,-1,-1,-1
434,7,749.40,52.76,25.47,73.20,0.7757,-1,-1,-1
434,2,822.09,31.44,16.31,40.43,0.8540,-1,-1,-1
435,16,802.07,26.28,16.75,41.98,0.5747,-1,-1,-1
435,14,551.39,53.67,45.22,96.82,0.6480,-1,-1,-1
435,7,748.40,53.04,27.72,72.91,0.7757,-1,-1,-1
435,2,822.39,31.40,16.38,39.74,0.8540,-1,-1,-1
436,16,802.12,26.25,16.96,42.15,0.5747,-1,-1,-1
436,14,552.34,53.74,47.42,96.27,0.6480,-1,-1,-1
436,7,748.54,53.60,28.86,72.41,0.7757,-1,-1,-1
436,2,822.38,28.99,16.90,42.89,0.8540,-1,-1,-1
437,16,802.58,26.29,16.64,41.83,0.5747,-1,-1,-1
437,14,553.90,53.76,49.29,95.59,0.6480,-1,-1,-1
437,7,749.03,52.72,29.71,73.65,0.7757,-1,-1,-1
437,2,822.54,30.71,16.82,40.43,0.8540,-1,-1,-1
438,16,802.87,26.31,16.52,41.61,0.5747,-1,-1,-1
438,14,555.96,52.64,48.79,96.36,0.6480,-1,-1,-1
438,7,749.59,52.63,30.41,73.50,0.7757,-1,-1,-1
438,2,822.74,29.92,16.92,40.97,0.8540,-1,-1,-1
439,16,803.30,26.38,16.23,41.12,0.5747,-1,-1,-1
439,14,558.73,51.65,47.04,95.62,0.6480,-1,-1,-1
439,7,749.97,52.75,31.08,73.66,0.7757,-1,-1,-1
439,2,822.75,30.01,17.07,40.84,0.8540,-1,-1,-1
440,16,803.43,26.02,16.39,41.35,0.5747,-1,-1,-1
440,14,562.97,51.00,43.25,95.60,0.6480,-1,-1,-1
440,7,751.27,52.46,31.37,73.55,0.7757,-1,-1,-1
440,2,822.70,27.01,17.25,44.02,0.8540,-1,-1,-1
441,16,803.34,25.77,16.60,41.61,0.5747,-1,-1,-1
441,14,565.95,50.87,41.89,95.74,0.6480,-1,-1,-1
441,7,753.40,51.70,30.29,74.12,0.7757,-1,-1,-1
441,2,823.40,28.20,16.63,42.34,0.8540,-1,-1,-1
442,16,804.07,26.48,15.78,41.13,0.5747,-1,-1,-1
442,14,569.13,50.13,39.98,95.89,0.6480,-1,-1,-1
442,7,755.47,51.82,29.62,73.46,0.7757,-1,-1,-1
442,2,823.57,27.69,16.53,42.71,0.8540,-1,-1,-1
443,16,803.27,24.90,17.33,42.31,0.5747,-1,-1,-1
443,14,569.91,49.47,41.03,96.94,0.6480,-1,-1,-1
443,7,757.36,52.55,29.54,72.90,0.7757,-1,-1,-1
443,2,823.64,27.03,16.53,43.33,0.8540,-1,-1,-1
444,16,803.23,24.64,17.46,42.38,0.5747,-1,-1,-1
444,14,569.44,49.44,43.23,97.03,0.6480,-1,-1,-1
444,7,759.58,52.82,28.70,72.81,0.7757,-1,-1,-1
444,2,823.59,26.61,16.57,43.72,0.8540,-1,-1,-1
445,16,803.34,24.75,17.35,42.30,0.5747,-1,-1,-1
445,14,570.13,49.93,44.16,95.24,0.6480,-1,-1,-1
445,7,762.40,52.05,27.14,73.15,0.7757,-1,-1,-1
445,2,823.68,27.14,16.38,42.91,0.8540,-1,-1,-1
446,16,803.37,25.26,17.26,41.84,0.5747,-1,-1,-1
446,14,570.74,50.30,45.06,94.36,0.6480,-1,-1,-1
446,7,764.27,51.33,26.86,73.69,0.7757,-1,-1,-1
446,2,823.79,27.88,16.18,41.96,0.8540,-1,-1,-1
447,16,803.88,25.69,16.64,41.32,0.5747,-1,-1,-1
447,14,572.67,50.67,44.38,93.51,0.6480,-1,-1,-1
447,7,764.68,51.53,27.24,73.45,0.7757,-1,-1,-1
447,2,823.62,26.96,16.30,42.88,0.8540,-1,-1,-1
448,16,803.67,25.52,17.05,41.50,0.5747,-1,-1,-1
448,14,573.34,51.05,44.83,93.13,0.6480,-1,-1,-1
448,7,765.07,52.50,27.89,72.38,0.7757,-1,-1,-1
448,2,823.78,27.68,16.07,42.06,0.8540,-1,-1,-1
449,16,803.41,25.47,16.72,41.65,0.5747,-1,-1,-1
449,14,575.70,51.12,43.91,91.47,0.6480,-1,-1,-1
449,7,765.47,52.37,28.10,72.38,0.7757,-1,-1,-1
449,2,823.66,27.56,16.12,42.40,0.8540,-1,-1,-1