0,4,57.94,140.44,41.50,109.44,0.8611,-1,-1,-1
0,3,625.40,138.99,37.96,106.20,0.8637,-1,-1,-1
0,2,31.12,169.19,38.22,101.72,0.8746,-1,-1,-1
0,1,595.29,125.23,36.38,106.61,0.9044,-1,-1,-1
1,4,60.69,139.77,41.53,109.33,0.8611,-1,-1,-1
1,3,625.40,138.94,39.80,104.81,0.8637,-1,-1,-1
1,2,33.50,170.06,39.82,101.39,0.8746,-1,-1,-1
1,1,596.76,124.76,36.71,105.33,0.9044,-1,-1,-1
2,4,63.91,139.93,44.44,107.66,0.8611,-1,-1,-1
2,3,625.59,140.97,41.55,101.86,0.8637,-1,-1,-1
2,2,36.81,169.88,40.96,100.98,0.8746,-1,-1,-1
2,1,597.93,124.76,36.81,103.83,0.9044,-1,-1,-1
3,4,66.47,139.66,49.44,107.99,0.8611,-1,-1,-1
3,3,625.74,141.33,42.10,100.03,0.8637,-1,-1,-1
3,2,39.53,168.55,45.65,102.06,0.8746,-1,-1,-1
3,1,598.89,124.61,37.92,102.99,0.9044,-1,-1,-1
4,4,68.91,139.83,55.07,105.84,0.8611,-1,-1,-1
4,3,625.47,140.22,45.17,100.87,0.8637,-1,-1,-1
4,2,42.56,169.22,47.64,100.86,0.8746,-1,-1,-1
4,1,599.10,126.29,39.07,101.33,0.9044,-1,-1,-1
5,4,70.86,139.43,60.33,106.98,0.8611,-1,-1,-1
5,3,625.75,140.04,46.64,100.02,0.8637,-1,-1,-1
5,2,45.46,169.42,47.11,99.96,0.8746,-1,-1,-1
5,1,599.43,129.18,40.71,98.90,0.9044,-1,-1,-1
6,3,626.40,138.81,48.22,99.27,0.8637,-1,-1,-1
6,2,48.11,169.93,46.10,99.48,0.8746,-1,-1,-1
6,1,600.02,129.20,42.25,99.43,0.9044,-1,-1,-1
7,3,627.38,141.26,48.85,97.18,0.8637,-1,-1,-1
7,2,51.22,169.67,44.33,100.30,0.8746,-1,-1,-1
7,1,599.93,131.62,43.75,97.05,0.9044,-1,-1,-1
8,3,627.89,143.72,50.64,95.81,0.8637,-1,-1,-1
8,2,53.95,169.60,41.22,99.85,0.8746,-1,-1,-1
8,1,600.95,131.75,44.95,95.65,0.9044,-1,-1,-1
9,4,86.00,137.10,53.56,103.77,0.8611,-1,-1,-1
9,3,630.17,132.38,51.64,104.48,0.8637,-1,-1,-1
9,2,56.27,169.59,39.78,99.88,0.8746,-1,-1,-1
9,1,603.38,134.16,44.05,90.05,0.9044,-1,-1,-1
10,3,632.29,130.56,51.11,102.65,0.8637,-1,-1,-1
10,2,59.57,168.17,37.78,101.32,0.8746,-1,-1,-1
10,1,606.93,133.96,41.44,85.96,0.9044,-1,-1,-1
11,3,636.40,128.98,48.41,102.77,0.8637,-1,-1,-1
11,2,61.60,167.43,38.99,101.44,0.8746,-1,-1,-1
11,1,610.36,134.67,40.62,82.60,0.9044,-1,-1,-1
12,3,640.85,128.16,47.48,102.50,0.8637,-1,-1,-1
12,2,64.23,167.17,39.64,101.68,0.8746,-1,-1,-1
12,1,613.60,134.81,38.60,80.70,0.9044,-1,-1,-1
13,3,646.43,127.62,42.73,101.48,0.8637,-1,-1,-1
13,2,67.54,166.47,39.36,102.61,0.8746,-1,-1,-1
13,1,617.72,134.28,34.44,80.47,0.9044,-1,-1,-1
14,3,650.66,126.01,39.58,102.31,0.8637,-1,-1,-1
14,2,69.59,166.45,42.13,102.59,0.8746,-1,-1,-1
14,1,620.11,131.60,33.66,83.23,0.9044,-1,-1,-1
15,4,100.92,131.51,39.58,110.32,0.8611,-1,-1,-1
15,3,654.55,124.79,36.59,104.07,0.8637,-1,-1,-1
15,2,72.23,166.72,44.30,101.85,0.8746,-1,-1,-1
15,1,622.26,132.24,33.98,83.87,0.9044,-1,-1,-1
16,4,102.97,131.12,35.84,111.32,0.8611,-1,-1,-1
16,3,656.91,124.87,36.12,104.08,0.8637,-1,-1,-1
16,2,75.68,166.53,45.55,100.94,0.8746,-1,-1,-1
16,1,623.44,132.87,34.16,82.85,0.9044,-1,-1,-1
17,4,105.70,130.64,38.18,113.95,0.8611,-1,-1,-1
17,3,657.34,123.16,37.05,104.90,0.8637,-1,-1,-1
17,2,78.40,166.41,47.07,100.74,0.8746,-1,-1,-1
18,4,108.16,131.42,40.07,114.96,0.8611,-1,-1,-1
18,3,657.45,123.18,39.87,104.77,0.8637,-1,-1,-1
18,2,81.37,166.43,47.80,101.04,0.8746,-1,-1,-1
19,4,110.93,131.92,42.96,111.62,0.8611,-1,-1,-1
19,3,658.32,123.02,40.15,104.00,0.8637,-1,-1,-1
19,2,84.63,166.44,45.02,100.10,0.8746,-1,-1,-1
20,4,113.23,132.36,48.70,112.08,0.8611,-1,-1,-1
20,3,659.06,122.23,41.13,104.48,0.8637,-1,-1,-1
20,2,87.56,165.00,43.04,100.18,0.8746,-1,-1,-1
21,4,115.96,132.69,54.44,110.89,0.8611,-1,-1,-1
21,3,660.85,121.22,40.57,104.69,0.8637,-1,-1,-1
21,2,90.62,164.42,38.43,100.45,0.8746,-1,-1,-1
22,4,118.89,133.24,56.60,107.91,0.8611,-1,-1,-1
22,3,662.68,120.04,39.69,104.46,0.8637,-1,-1,-1
22,2,93.47,164.32,36.58,99.91,0.8746,-1,-1,-1
23,4,121.81,134.18,58.07,106.49,0.8611,-1,-1,-1
23,3,665.13,119.69,38.13,103.37,0.8637,-1,-1,-1
23,2,96.21,163.47,34.55,100.17,0.8746,-1,-1,-1
24,4,124.10,134.38,57.80,106.14,0.8611,-1,-1,-1
24,3,668.07,119.25,37.14,102.42,0.8637,-1,-1,-1
24,2,98.81,162.58,35.25,101.79,0.8746,-1,-1,-1
25,4,126.59,133.89,56.91,107.71,0.8611,-1,-1,-1
25,3,670.02,116.90,36.79,102.03,0.8637,-1,-1,-1
25,2,101.43,162.34,38.03,103.93,0.8746,-1,-1,-1
26,4,129.67,133.74,54.51,108.31,0.8611,-1,-1,-1
26,3,671.77,116.06,35.75,99.72,0.8637,-1,-1,-1
26,2,103.86,161.64,37.89,104.36,0.8746,-1,-1,-1
27,4,132.46,134.14,51.98,108.52,0.8611,-1,-1,-1
27,3,672.40,115.67,34.62,96.79,0.8637,-1,-1,-1
27,2,107.10,161.38,40.11,103.52,0.8746,-1,-1,-1
28,4,134.39,133.67,50.16,108.80,0.8611,-1,-1,-1
28,3,672.56,115.39,36.19,95.32,0.8637,-1,-1,-1
28,2,110.17,161.67,42.59,103.49,0.8746,-1,-1,-1
29,4,137.25,132.96,46.93,109.06,0.8611,-1,-1,-1
29,3,673.02,115.52,37.18,94.12,0.8637,-1,-1,-1
29,2,112.77,161.95,46.86,101.69,0.8746,-1,-1,-1
30,4,139.99,132.46,44.23,109.64,0.8611,-1,-1,-1
30,3,673.14,115.06,38.51,93.32,0.8637,-1,-1,-1
30,2,116.15,162.28,47.22,101.61,0.8746,-1,-1,-1
31,4,142.79,132.28,41.66,109.90,0.8611,-1,-1,-1
31,3,673.79,114.51,38.81,92.61,0.8637,-1,-1,-1
31,2,119.12,162.74,45.60,100.49,0.8746,-1,-1,-1
32,4,144.99,131.84,39.30,109.77,0.8611,-1,-1,-1
32,3,673.45,114.30,41.07,93.89,0.8637,-1,-1,-1
32,2,122.01,162.28,42.67,100.74,0.8746,-1,-1,-1
33,4,148.55,130.90,38.05,111.51,0.8611,-1,-1,-1
33,3,674.41,114.71,41.43,92.44,0.8637,-1,-1,-1
33,2,124.45,162.12,40.38,100.80,0.8746,-1,-1,-1
34,4,151.77,130.81,39.09,109.45,0.8611,-1,-1,-1
34,3,675.23,115.07,42.40,90.83,0.8637,-1,-1,-1
34,2,128.24,162.47,38.04,100.91,0.8746,-1,-1,-1
35,4,154.47,131.42,42.10,108.02,0.8611,-1,-1,-1
35,3,675.68,114.05,44.34,92.08,0.8637,-1,-1,-1
35,2,130.63,160.65,37.56,102.45,0.8746,-1,-1,-1
36,4,156.74,131.33,46.94,106.95,0.8611,-1,-1,-1
36,2,132.96,159.92,36.31,102.09,0.8746,-1,-1,-1
37,4,159.11,131.40,52.46,103.50,0.8611,-1,-1,-1
37,2,135.37,158.83,44.50,103.08,0.8746,-1,-1,-1
37,1,646.48,97.06,42.65,93.95,0.9044,-1,-1,-1
38,4,162.85,131.45,55.05,102.35,0.8611,-1,-1,-1
38,2,138.11,157.92,39.20,104.26,0.8746,-1,-1,-1
38,1,649.69,97.88,39.74,90.24,0.9044,-1,-1,-1
39,4,165.69,131.30,54.79,101.49,0.8611,-1,-1,-1
39,3,685.02,112.74,42.32,87.06,0.8637,-1,-1,-1
39,2,141.10,158.18,40.19,103.77,0.8746,-1,-1,-1
39,1,653.33,97.89,36.46,88.41,0.9044,-1,-1,-1
40,4,168.27,130.78,55.12,102.76,0.8611,-1,-1,-1
40,2,144.23,157.34,41.80,103.99,0.8746,-1,-1,-1
40,1,655.79,96.95,34.60,88.72,0.9044,-1,-1,-1
41,4,171.99,130.56,51.75,102.84,0.8611,-1,-1,-1
41,2,146.93,157.17,46.87,103.99,0.8746,-1,-1,-1
42,4,175.61,129.37,48.57,104.42,0.8611,-1,-1,-1
42,2,150.52,158.01,47.18,102.47,0.8746,-1,-1,-1
43,4,178.56,128.48,46.10,105.11,0.8611,-1,-1,-1
43,2,153.15,158.27,47.75,102.13,0.8746,-1,-1,-1
44,4,181.97,127.34,42.97,105.81,0.8611,-1,-1,-1
44,2,156.65,158.31,46.97,102.01,0.8746,-1,-1,-1
45,4,184.48,125.90,39.92,107.35,0.8611,-1,-1,-1
45,2,159.66,158.29,43.00,101.06,0.8746,-1,-1,-1
46,4,186.60,125.43,37.44,107.84,0.8611,-1,-1,-1
46,2,163.17,158.01,39.14,100.66,0.8746,-1,-1,-1
47,2,166.27,155.93,36.09,101.79,0.8746,-1,-1,-1
48,2,172.11,155.10,33.95,101.45,0.8746,-1,-1,-1
49,2,174.94,154.25,34.49,104.07,0.8746,-1,-1,-1
50,4,198.96,124.27,40.36,115.42,0.8611,-1,-1,-1
50,2,177.75,154.50,34.36,105.46,0.8746,-1,-1,-1
51,4,201.54,124.17,42.46,114.01,0.8611,-1,-1,-1
51,2,181.08,154.39,35.47,103.60,0.8746,-1,-1,-1
52,4,204.51,125.37,47.52,112.37,0.8611,-1,-1,-1
52,2,184.00,153.72,38.89,103.75,0.8746,-1,-1,-1
53,4,206.83,125.31,53.05,110.99,0.8611,-1,-1,-1
53,2,187.03,154.62,41.11,102.49,0.8746,-1,-1,-1
54,4,209.88,125.44,55.10,109.12,0.8611,-1,-1,-1
54,2,189.96,154.67,46.83,102.63,0.8746,-1,-1,-1
55,4,212.58,126.54,55.44,107.34,0.8611,-1,-1,-1
55,2,192.22,155.09,44.60,101.61,0.8746,-1,-1,-1
56,4,216.08,126.72,52.33,107.09,0.8611,-1,-1,-1
56,2,194.26,154.75,42.02,101.67,0.8746,-1,-1,-1
57,4,218.76,126.68,51.37,108.27,0.8611,-1,-1,-1
57,2,198.15,154.60,37.09,102.14,0.8746,-1,-1,-1
58,4,221.72,126.26,48.50,108.17,0.8611,-1,-1,-1
58,2,201.28,154.48,34.70,102.25,0.8746,-1,-1,-1
59,4,225.60,126.52,44.74,107.98,0.8611,-1,-1,-1
59,2,204.61,155.28,32.88,100.88,0.8746,-1,-1,-1
60,4,228.07,126.41,41.77,107.99,0.8611,-1,-1,-1
60,2,207.05,152.79,32.93,103.62,0.8746,-1,-1,-1
61,4,230.67,125.68,38.85,108.57,0.8611,-1,-1,-1
61,2,209.80,152.43,33.71,104.21,0.8746,-1,-1,-1
62,4,232.79,124.96,36.25,109.61,0.8611,-1,-1,-1
62,2,212.60,151.94,33.48,104.95,0.8746,-1,-1,-1
63,4,235.43,124.11,32.71,111.12,0.8611,-1,-1,-1
63,2,215.77,151.23,35.36,104.55,0.8746,-1,-1,-1
64,4,238.05,123.62,33.95,110.79,0.8611,-1,-1,-1
64,2,218.34,150.97,36.30,104.47,0.8746,-1,-1,-1
65,4,240.90,123.54,34.46,108.09,0.8611,-1,-1,-1
65,2,221.36,152.05,41.59,103.16,0.8746,-1,-1,-1
66,3,717.75,82.24,35.09,88.50,0.8637,-1,-1,-1
66,2,223.99,152.02,44.87,103.18,0.8746,-1,-1,-1
67,2,225.31,151.31,48.31,103.80,0.8746,-1,-1,-1
68,2,227.33,151.61,46.43,103.64,0.8746,-1,-1,-1
69,2,230.50,151.54,44.90,102.92,0.8746,-1,-1,-1
77,2,258.91,149.01,43.62,104.09,0.8746,-1,-1,-1
78,2,260.12,149.15,47.01,103.80,0.8746,-1,-1,-1
79,2,261.57,149.62,48.88,102.46,0.8746,-1,-1,-1
80,2,264.37,149.70,48.32,102.84,0.8746,-1,-1,-1
81,2,266.48,149.49,48.36,103.03,0.8746,-1,-1,-1
82,2,270.87,148.67,45.16,103.42,0.8746,-1,-1,-1
85,5,0.00,101.63,30.82,101.06,0.7592,-1,-1,-1
86,5,0.00,101.76,30.56,102.77,0.7592,-1,-1,-1
87,5,0.02,102.31,31.14,103.62,0.7592,-1,-1,-1
88,5,0.00,102.65,34.37,103.12,0.7592,-1,-1,-1
89,5,0.09,103.23,42.07,103.25,0.7592,-1,-1,-1
90,5,1.05,103.72,46.49,101.45,0.7592,-1,-1,-1
91,5,4.74,104.35,47.46,100.83,0.7592,-1,-1,-1
91,2,297.80,147.77,44.44,103.90,0.8746,-1,-1,-1
92,5,6.90,104.37,46.47,99.99,0.7592,-1,-1,-1
92,2,298.38,148.19,47.33,103.46,0.8746,-1,-1,-1
93,5,8.74,104.19,48.20,102.53,0.7592,-1,-1,-1
93,2,299.55,148.13,47.71,103.04,0.8746,-1,-1,-1
94,5,11.29,104.56,46.41,102.05,0.7592,-1,-1,-1
94,2,303.31,147.39,45.64,102.81,0.8746,-1,-1,-1
95,5,13.07,104.60,45.04,102.24,0.7592,-1,-1,-1
95,2,308.48,144.80,44.32,105.54,0.8746,-1,-1,-1
96,5,18.32,103.60,40.83,103.82,0.7592,-1,-1,-1
96,2,318.96,146.80,43.60,102.10,0.8746,-1,-1,-1
97,5,20.80,102.89,38.69,104.22,0.7592,-1,-1,-1
97,2,323.78,118.45,43.54,129.76,0.8746,-1,-1,-1
98,5,23.48,102.54,37.65,104.55,0.7592,-1,-1,-1
99,6,0.15,125.27,34.83,98.86,0.8019,-1,-1,-1
99,5,25.71,101.94,39.03,104.73,0.7592,-1,-1,-1
100,6,0.01,124.98,36.10,100.70,0.8019,-1,-1,-1
100,5,27.55,102.10,41.57,105.07,0.7592,-1,-1,-1
101,6,0.67,125.86,37.42,101.24,0.8019,-1,-1,-1
101,5,30.56,102.25,45.12,104.66,0.7592,-1,-1,-1
102,6,3.70,125.60,40.80,101.81,0.8019,-1,-1,-1
102,5,33.55,102.33,51.62,104.28,0.7592,-1,-1,-1
103,6,6.59,125.65,46.02,101.96,0.8019,-1,-1,-1
103,5,36.14,102.94,53.41,102.74,0.7592,-1,-1,-1
104,6,9.02,126.05,48.41,101.13,0.8019,-1,-1,-1
104,5,39.09,103.36,52.97,101.96,0.7592,-1,-1,-1
105,6,11.82,126.05,51.33,101.25,0.8019,-1,-1,-1
105,5,41.88,103.08,52.69,102.70,0.7592,-1,-1,-1
106,6,15.14,126.68,49.83,100.24,0.8019,-1,-1,-1
106,5,45.32,103.53,49.25,101.63,0.7592,-1,-1,-1
106,4,341.00,146.30,51.77,102.97,0.8611,-1,-1,-1
107,6,17.68,126.74,48.38,100.39,0.8019,-1,-1,-1
107,5,48.07,103.30,45.87,100.50,0.7592,-1,-1,-1
107,4,345.55,144.53,48.03,104.97,0.8611,-1,-1,-1
108,6,21.15,127.14,46.16,100.23,0.8019,-1,-1,-1
108,5,50.82,102.94,43.69,101.27,0.7592,-1,-1,-1
108,4,351.31,144.93,42.89,104.30,0.8611,-1,-1,-1
109,6,23.34,127.58,43.80,100.19,0.8019,-1,-1,-1
109,5,52.89,102.76,41.15,101.51,0.7592,-1,-1,-1
109,4,357.22,144.95,39.43,104.44,0.8611,-1,-1,-1
110,6,26.13,126.34,40.97,101.11,0.8019,-1,-1,-1
110,5,55.48,102.34,38.30,102.28,0.7592,-1,-1,-1
110,4,362.54,144.42,35.26,104.43,0.8611,-1,-1,-1
110,1,743.91,52.73,27.96,72.04,0.9044,-1,-1,-1
111,7,0.04,157.21,34.85,109.62,0.7974,-1,-1,-1
111,6,28.65,125.19,37.75,102.98,0.8019,-1,-1,-1
111,5,57.12,102.50,37.16,103.58,0.7592,-1,-1,-1
111,4,365.96,144.07,33.11,105.49,0.8611,-1,-1,-1
111,1,743.80,52.56,27.51,71.71,0.9044,-1,-1,-1
112,7,0.11,162.23,34.33,104.38,0.7974,-1,-1,-1
112,6,31.39,124.48,36.45,102.67,0.8019,-1,-1,-1
112,5,59.77,102.72,36.44,103.93,0.7592,-1,-1,-1
112,4,369.38,144.37,31.56,105.04,0.8611,-1,-1,-1
112,1,744.21,52.45,27.40,71.58,0.9044,-1,-1,-1
113,7,0.06,158.15,33.85,107.97,0.7974,-1,-1,-1
113,6,33.93,123.92,37.28,103.55,0.8019,-1,-1,-1
113,5,62.11,102.55,38.43,103.95,0.7592,-1,-1,-1
113,4,370.10,144.25,35.08,105.53,0.8611,-1,-1,-1
113,1,744.31,52.03,28.15,72.10,0.9044,-1,-1,-1
114,7,0.00,156.59,34.94,109.86,0.7974,-1,-1,-1
114,6,36.52,123.84,37.73,103.63,0.8019,-1,-1,-1
114,5,64.91,103.10,43.90,103.84,0.7592,-1,-1,-1
114,4,370.66,143.52,39.98,105.93,0.8611,-1,-1,-1
114,1,744.75,51.32,27.59,73.36,0.9044,-1,-1,-1
115,7,0.06,156.70,39.41,109.88,0.7974,-1,-1,-1
115,6,39.11,123.88,39.27,103.17,0.8019,-1,-1,-1
115,5,67.63,103.61,48.70,103.90,0.7592,-1,-1,-1
115,4,371.25,143.99,42.97,105.75,0.8611,-1,-1,-1
115,1,745.19,50.26,27.32,74.09,0.9044,-1,-1,-1
116,7,0.18,155.99,47.06,110.61,0.7974,-1,-1,-1
116,6,41.83,124.22,41.76,102.62,0.8019,-1,-1,-1
116,5,70.58,103.99,48.89,102.76,0.7592,-1,-1,-1
116,4,371.65,145.66,47.84,103.85,0.8611,-1,-1,-1
116,1,745.08,49.51,27.62,74.41,0.9044,-1,-1,-1
117,7,0.02,157.32,55.79,109.37,0.7974,-1,-1,-1
117,6,44.71,124.11,48.67,102.95,0.8019,-1,-1,-1
117,5,73.35,104.04,50.65,104.04,0.7592,-1,-1,-1
117,4,373.47,144.35,49.63,104.65,0.8611,-1,-1,-1
117,1,745.43,48.30,27.77,75.04,0.9044,-1,-1,-1
118,7,0.49,158.10,62.08,108.54,0.7974,-1,-1,-1
118,6,47.71,125.25,52.03,102.45,0.8019,-1,-1,-1
118,5,76.57,104.22,50.11,104.62,0.7592,-1,-1,-1
118,4,377.96,145.17,56.94,103.57,0.8611,-1,-1,-1
118,1,746.28,47.29,27.40,74.89,0.9044,-1,-1,-1
119,7,4.88,159.45,61.05,106.90,0.7974,-1,-1,-1
119,6,51.23,125.51,51.90,102.70,0.8019,-1,-1,-1
119,5,79.42,104.10,47.70,104.36,0.7592,-1,-1,-1
119,1,746.97,45.54,26.98,75.92,0.9044,-1,-1,-1
120,7,11.56,159.98,60.24,107.77,0.7974,-1,-1,-1
120,6,55.56,125.90,50.25,101.87,0.8019,-1,-1,-1
120,5,85.10,104.08,41.95,103.94,0.7592,-1,-1,-1
120,1,747.22,44.06,26.68,75.89,0.9044,-1,-1,-1
121,7,15.00,160.41,57.52,107.51,0.7974,-1,-1,-1
121,6,58.67,125.13,47.36,102.21,0.8019,-1,-1,-1
121,5,87.93,102.75,39.20,104.85,0.7592,-1,-1,-1
121,1,746.87,44.26,27.06,75.51,0.9044,-1,-1,-1
122,7,18.03,160.60,55.49,107.51,0.7974,-1,-1,-1
122,6,62.35,124.66,43.43,102.61,0.8019,-1,-1,-1
122,5,90.44,101.94,37.08,105.86,0.7592,-1,-1,-1
122,1,746.25,43.77,28.21,75.48,0.9044,-1,-1,-1
123,7,21.41,160.11,51.68,108.29,0.7974,-1,-1,-1
123,6,65.49,124.14,40.80,103.09,0.8019,-1,-1,-1
123,5,92.92,101.62,37.01,107.00,0.7592,-1,-1,-1
123,1,745.78,43.35,28.61,75.40,0.9044,-1,-1,-1
124,7,23.79,159.82,48.95,108.88,0.7974,-1,-1,-1
124,6,69.03,123.93,36.73,103.24,0.8019,-1,-1,-1
124,5,96.05,101.01,37.85,107.08,0.7592,-1,-1,-1
124,1,746.37,42.82,27.21,75.45,0.9044,-1,-1,-1
125,7,25.98,158.74,46.50,110.08,0.7974,-1,-1,-1
125,6,71.31,124.28,35.82,103.29,0.8019,-1,-1,-1
125,5,99.15,100.94,41.12,107.00,0.7592,-1,-1,-1
125,4,405.18,145.57,46.00,105.54,0.8611,-1,-1,-1
125,1,746.41,42.56,27.00,74.02,0.9044,-1,-1,-1
126,7,28.36,158.51,44.73,112.52,0.7974,-1,-1,-1
126,6,74.24,123.89,34.97,104.57,0.8019,-1,-1,-1
126,5,102.07,101.35,48.10,106.47,0.7592,-1,-1,-1
126,4,406.92,142.82,50.84,108.37,0.8611,-1,-1,-1
126,1,746.76,41.97,26.48,76.13,0.9044,-1,-1,-1
127,7,31.21,158.51,42.94,114.39,0.7974,-1,-1,-1
127,6,77.13,124.38,35.68,105.41,0.8019,-1,-1,-1
127,5,105.17,101.39,51.61,106.83,0.7592,-1,-1,-1
127,4,408.68,145.27,50.73,105.27,0.8611,-1,-1,-1
127,1,746.22,40.90,26.64,77.23,0.9044,-1,-1,-1
128,7,33.74,159.03,44.52,115.66,0.7974,-1,-1,-1
128,6,80.34,124.85,40.43,105.94,0.8019,-1,-1,-1
128,5,108.17,100.96,52.54,107.02,0.7592,-1,-1,-1
128,4,411.42,144.88,47.47,105.46,0.8611,-1,-1,-1
128,1,746.06,40.28,26.53,77.36,0.9044,-1,-1,-1
129,7,37.23,159.82,48.06,116.21,0.7974,-1,-1,-1
129,6,83.57,124.78,46.75,105.64,0.8019,-1,-1,-1
129,5,111.52,101.76,50.72,106.90,0.7592,-1,-1,-1
129,4,415.35,144.81,45.90,105.86,0.8611,-1,-1,-1
129,1,745.81,39.94,27.00,75.40,0.9044,-1,-1,-1
130,7,39.20,160.76,55.52,117.16,0.7974,-1,-1,-1
130,6,86.57,125.28,49.61,103.59,0.8019,-1,-1,-1
130,5,114.93,101.79,49.11,107.01,0.7592,-1,-1,-1
130,4,419.92,145.31,45.22,105.01,0.8611,-1,-1,-1
130,1,745.86,39.75,26.79,74.03,0.9044,-1,-1,-1
131,7,41.92,162.30,58.39,114.74,0.7974,-1,-1,-1
131,6,89.18,126.20,50.99,102.28,0.8019,-1,-1,-1
131,5,118.18,101.45,46.24,106.32,0.7592,-1,-1,-1
131,4,427.27,144.72,43.20,105.93,0.8611,-1,-1,-1
131,1,746.04,38.50,26.01,73.27,0.9044,-1,-1,-1
132,7,45.03,163.27,59.21,114.23,0.7974,-1,-1,-1
132,6,92.07,126.83,52.03,103.70,0.8019,-1,-1,-1
132,5,121.47,101.80,43.23,106.25,0.7592,-1,-1,-1
132,4,431.24,143.99,45.29,106.90,0.8611,-1,-1,-1
132,1,745.63,37.59,26.17,73.35,0.9044,-1,-1,-1
133,7,48.22,164.47,59.85,114.54,0.7974,-1,-1,-1
133,6,94.77,127.26,48.78,102.77,0.8019,-1,-1,-1
133,5,124.00,101.45,40.15,106.31,0.7592,-1,-1,-1
133,4,431.81,143.50,48.46,106.53,0.8611,-1,-1,-1
133,1,745.41,36.59,26.19,73.45,0.9044,-1,-1,-1
134,7,50.79,165.15,59.49,114.17,0.7974,-1,-1,-1
134,6,97.98,127.71,48.94,102.01,0.8019,-1,-1,-1
134,5,127.02,101.04,37.05,107.72,0.7592,-1,-1,-1
134,4,430.80,143.47,51.37,107.00,0.8611,-1,-1,-1
134,1,745.26,35.65,26.09,73.79,0.9044,-1,-1,-1
135,7,54.26,165.40,56.05,113.99,0.7974,-1,-1,-1
135,6,102.95,127.01,42.39,102.82,0.8019,-1,-1,-1
135,5,129.23,100.05,34.49,109.36,0.7592,-1,-1,-1
135,4,433.06,143.53,52.02,107.20,0.8611,-1,-1,-1
135,1,745.18,35.52,25.99,73.45,0.9044,-1,-1,-1
136,7,57.44,165.72,53.17,113.66,0.7974,-1,-1,-1
136,6,106.08,126.39,38.78,103.73,0.8019,-1,-1,-1
136,5,132.54,100.36,33.75,108.54,0.7592,-1,-1,-1
136,4,441.55,142.68,44.75,107.44,0.8611,-1,-1,-1
136,1,745.21,35.73,25.16,72.31,0.9044,-1,-1,-1
137,7,60.44,165.28,49.97,114.03,0.7974,-1,-1,-1
137,6,109.28,125.22,36.83,105.24,0.8019,-1,-1,-1
137,5,135.32,102.68,36.10,106.64,0.7592,-1,-1,-1
137,4,444.64,142.75,44.53,107.10,0.8611,-1,-1,-1
137,1,745.13,35.93,24.96,71.73,0.9044,-1,-1,-1
138,7,63.46,164.82,46.72,114.34,0.7974,-1,-1,-1
138,6,112.63,124.31,36.17,105.45,0.8019,-1,-1,-1
138,5,138.36,102.05,42.12,108.76,0.7592,-1,-1,-1
138,4,445.48,143.19,46.08,105.84,0.8611,-1,-1,-1
138,1,744.77,35.23,24.80,71.87,0.9044,-1,-1,-1
139,7,66.27,163.89,43.78,114.95,0.7974,-1,-1,-1
139,6,115.87,124.37,36.04,105.64,0.8019,-1,-1,-1
139,5,141.30,101.94,49.23,109.02,0.7592,-1,-1,-1
139,4,445.58,142.85,48.11,106.53,0.8611,-1,-1,-1
139,1,744.62,35.24,24.92,69.96,0.9044,-1,-1,-1
140,8,716.70,29.45,23.77,57.36,0.7197,-1,-1,-1
140,7,69.46,163.76,43.18,115.53,0.7974,-1,-1,-1
140,6,119.35,123.36,35.43,106.40,0.8019,-1,-1,-1
140,5,144.42,101.84,51.18,109.05,0.7592,-1,-1,-1
140,4,446.38,142.87,49.60,106.31,0.8611,-1,-1,-1
140,1,744.01,34.38,25.22,71.66,0.9044,-1,-1,-1
141,8,716.48,28.78,23.68,58.37,0.7197,-1,-1,-1
141,7,73.19,163.88,46.51,115.69,0.7974,-1,-1,-1
141,6,121.76,124.23,37.45,105.30,0.8019,-1,-1,-1
141,5,148.06,102.82,51.00,108.90,0.7592,-1,-1,-1
141,4,449.47,143.27,46.89,104.99,0.8611,-1,-1,-1
141,1,743.61,33.06,26.05,73.59,0.9044,-1,-1,-1
142,8,716.06,27.89,23.87,59.38,0.7197,-1,-1,-1
142,7,75.98,164.98,52.85,115.23,0.7974,-1,-1,-1
142,6,124.98,125.17,46.54,104.89,0.8019,-1,-1,-1
142,5,151.69,102.72,51.69,107.52,0.7592,-1,-1,-1
142,4,455.39,143.36,41.95,104.33,0.8611,-1,-1,-1
142,1,743.55,32.29,25.37,73.37,0.9044,-1,-1,-1
143,8,715.64,26.58,24.05,60.49,0.7197,-1,-1,-1
143,7,79.62,165.66,59.41,115.38,0.7974,-1,-1,-1
143,6,128.72,125.05,54.02,104.75,0.8019,-1,-1,-1
143,5,154.64,102.62,48.42,106.99,0.7592,-1,-1,-1
143,4,463.20,144.30,34.95,101.54,0.8611,-1,-1,-1
143,1,743.13,31.93,25.67,71.48,0.9044,-1,-1,-1
144,8,714.66,25.30,24.88,62.00,0.7197,-1,-1,-1
144,7,87.64,167.46,60.03,114.85,0.7974,-1,-1,-1
144,6,130.96,126.54,58.16,104.00,0.8019,-1,-1,-1
144,5,161.49,101.76,41.24,108.15,0.7592,-1,-1,-1
144,4,475.68,143.67,28.50,102.00,0.8611,-1,-1,-1
144,1,741.81,30.28,26.00,70.54,0.9044,-1,-1,-1
145,8,713.85,24.87,25.37,62.47,0.7197,-1,-1,-1
145,7,90.77,167.77,57.67,115.03,0.7974,-1,-1,-1
145,6,131.77,125.91,57.58,104.68,0.8019,-1,-1,-1
145,5,164.10,101.45,38.35,108.42,0.7592,-1,-1,-1
145,4,477.93,143.16,30.00,102.55,0.8611,-1,-1,-1
145,1,740.85,29.61,26.95,70.88,0.9044,-1,-1,-1
146,8,713.26,24.63,25.07,62.24,0.7197,-1,-1,-1
146,7,93.80,167.67,57.26,114.96,0.7974,-1,-1,-1
146,6,136.67,124.79,52.79,105.01,0.8019,-1,-1,-1
146,5,167.30,100.64,35.12,109.32,0.7592,-1,-1,-1
146,4,480.13,141.89,32.30,103.84,0.8611,-1,-1,-1
146,1,739.50,30.17,27.60,70.01,0.9044,-1,-1,-1
147,8,712.24,24.35,25.93,62.23,0.7197,-1,-1,-1
147,7,95.63,167.44,58.21,115.02,0.7974,-1,-1,-1
147,6,142.44,124.23,46.07,105.41,0.8019,-1,-1,-1
147,5,170.96,99.37,35.25,111.48,0.7592,-1,-1,-1
147,4,481.01,142.85,36.01,102.15,0.8611,-1,-1,-1
147,1,738.62,28.66,27.67,70.68,0.9044,-1,-1,-1
148,8,711.65,24.16,25.66,62.49,0.7197,-1,-1,-1
148,7,100.42,167.16,52.80,115.38,0.7974,-1,-1,-1
148,6,147.58,123.72,41.23,104.64,0.8019,-1,-1,-1
148,5,174.16,98.59,35.31,111.64,0.7592,-1,-1,-1
148,4,480.85,142.41,45.70,104.27,0.8611,-1,-1,-1
148,1,736.28,28.77,29.92,70.09,0.9044,-1,-1,-1
149,8,711.13,24.18,25.84,61.69,0.7197,-1,-1,-1
149,7,105.06,166.90,48.51,115.77,0.7974,-1,-1,-1
149,6,151.70,123.70,38.57,104.83,0.8019,-1,-1,-1
149,5,177.73,99.40,37.34,108.86,0.7592,-1,-1,-1
149,4,481.41,143.39,48.29,102.39,0.8611,-1,-1,-1
149,1,735.00,28.77,30.08,68.96,0.9044,-1,-1,-1
150,8,710.82,24.15,25.71,61.48,0.7197,-1,-1,-1
150,7,108.69,166.46,44.42,116.61,0.7974,-1,-1,-1
150,6,155.18,123.64,35.23,105.74,0.8019,-1,-1,-1
150,5,180.78,98.91,42.65,109.30,0.7592,-1,-1,-1
150,4,481.61,143.51,51.39,101.08,0.8611,-1,-1,-1
150,1,734.28,27.59,29.80,69.96,0.9044,-1,-1,-1
151,8,711.33,24.07,24.58,61.34,0.7197,-1,-1,-1
151,7,111.14,165.72,41.79,118.57,0.7974,-1,-1,-1
151,6,158.25,123.56,34.80,106.19,0.8019,-1,-1,-1
151,5,183.92,98.69,51.19,109.04,0.7592,-1,-1,-1
151,4,482.24,143.63,53.59,100.95,0.8611,-1,-1,-1
151,1,733.54,27.43,30.13,70.18,0.9044,-1,-1,-1
152,8,711.27,23.22,23.96,62.10,0.7197,-1,-1,-1
152,7,115.35,165.37,40.42,121.18,0.7974,-1,-1,-1
152,6,161.40,122.76,35.35,109.12,0.8019,-1,-1,-1
152,5,187.05,99.38,54.26,107.80,0.7592,-1,-1,-1
152,4,483.81,143.20,53.17,101.40,0.8611,-1,-1,-1
152,1,733.22,27.07,29.78,69.84,0.9044,-1,-1,-1
153,8,711.07,22.42,23.68,63.34,0.7197,-1,-1,-1
153,7,118.62,165.90,42.08,122.82,0.7974,-1,-1,-1
153,6,164.21,124.12,40.10,108.46,0.8019,-1,-1,-1
153,5,190.74,99.74,53.77,105.22,0.7592,-1,-1,-1
153,4,486.99,143.69,49.27,100.87,0.8611,-1,-1,-1
153,1,732.99,26.21,28.64,70.09,0.9044,-1,-1,-1
154,8,710.87,21.42,23.06,63.62,0.7197,-1,-1,-1
154,7,122.08,166.18,48.26,123.59,0.7974,-1,-1,-1
154,6,167.29,124.65,47.15,109.28,0.8019,-1,-1,-1
154,5,194.27,100.18,52.53,105.56,0.7592,-1,-1,-1
154,4,490.23,143.08,47.32,101.54,0.8611,-1,-1,-1
154,1,732.43,26.23,28.79,69.69,0.9044,-1,-1,-1
155,8,710.74,20.18,22.63,64.79,0.7197,-1,-1,-1
155,7,125.33,167.49,53.74,120.86,0.7974,-1,-1,-1
155,6,169.96,124.94,52.01,108.05,0.8019,-1,-1,-1
155,5,198.37,100.00,49.98,104.99,0.7592,-1,-1,-1
155,1,731.87,25.82,28.10,69.38,0.9044,-1,-1,-1
156,8,710.63,19.28,22.28,65.68,0.7197,-1,-1,-1
156,7,128.71,167.76,54.86,119.46,0.7974,-1,-1,-1
156,6,171.89,125.78,54.83,106.92,0.8019,-1,-1,-1
156,5,202.81,99.40,44.44,105.52,0.7592,-1,-1,-1
156,1,731.48,25.37,27.44,68.18,0.9044,-1,-1,-1
157,8,710.49,18.03,22.20,66.43,0.7197,-1,-1,-1
157,7,132.72,168.38,57.83,118.32,0.7974,-1,-1,-1
157,6,174.54,126.45,54.74,107.37,0.8019,-1,-1,-1
157,5,205.78,98.54,39.87,105.95,0.7592,-1,-1,-1
157,1,731.96,24.87,26.53,67.44,0.9044,-1,-1,-1
158,8,710.27,17.30,21.95,65.55,0.7197,-1,-1,-1
158,7,135.33,169.65,61.62,117.93,0.7974,-1,-1,-1
158,6,176.05,126.82,53.63,106.84,0.8019,-1,-1,-1
158,5,209.33,98.49,35.85,105.74,0.7592,-1,-1,-1
159,8,710.27,16.52,21.78,64.88,0.7197,-1,-1,-1
159,7,137.64,170.47,63.45,117.50,0.7974,-1,-1,-1
159,6,181.41,126.37,48.63,106.91,0.8019,-1,-1,-1
159,5,212.67,97.19,33.22,107.83,0.7592,-1,-1,-1
159,4,520.95,142.33,29.88,101.03,0.8611,-1,-1,-1
160,8,709.92,15.98,21.87,65.46,0.7197,-1,-1,-1
160,7,140.06,170.53,63.10,118.21,0.7974,-1,-1,-1
160,6,188.07,125.65,41.88,107.84,0.8019,-1,-1,-1
160,5,215.49,96.57,33.18,110.59,0.7592,-1,-1,-1
160,4,521.41,140.92,32.82,101.94,0.8611,-1,-1,-1
161,8,709.49,15.79,21.89,65.31,0.7197,-1,-1,-1
161,7,146.16,170.40,57.86,118.54,0.7974,-1,-1,-1
161,6,193.09,125.85,36.17,107.25,0.8019,-1,-1,-1
161,5,219.16,96.79,33.42,110.45,0.7592,-1,-1,-1
161,4,521.22,140.90,37.39,101.58,0.8611,-1,-1,-1
162,8,709.25,15.78,21.66,65.07,0.7197,-1,-1,-1
162,7,153.68,170.15,50.17,118.67,0.7974,-1,-1,-1
162,6,197.09,124.69,33.49,108.50,0.8019,-1,-1,-1
162,5,222.60,97.10,36.46,110.04,0.7592,-1,-1,-1
162,4,522.86,141.00,41.91,100.85,0.8611,-1,-1,-1
163,8,709.07,15.74,21.70,65.76,0.7197,-1,-1,-1
163,7,158.90,169.49,44.25,119.11,0.7974,-1,-1,-1
163,6,200.89,123.97,32.77,109.44,0.8019,-1,-1,-1
163,5,225.33,97.95,45.37,110.30,0.7592,-1,-1,-1
163,4,523.35,140.76,46.50,100.64,0.8611,-1,-1,-1
164,8,708.73,15.83,21.93,65.33,0.7197,-1,-1,-1
164,7,162.98,168.75,39.79,119.20,0.7974,-1,-1,-1
164,6,204.98,123.45,31.63,109.20,0.8019,-1,-1,-1
164,5,229.04,98.41,49.42,109.60,0.7592,-1,-1,-1
164,4,525.17,140.18,48.47,101.93,0.8611,-1,-1,-1
165,8,708.32,15.67,22.10,65.80,0.7197,-1,-1,-1
165,7,167.13,168.20,39.30,120.83,0.7974,-1,-1,-1
165,6,208.25,123.67,32.87,109.39,0.8019,-1,-1,-1
165,5,232.87,99.20,51.66,108.34,0.7592,-1,-1,-1
165,4,526.15,139.45,50.06,102.16,0.8611,-1,-1,-1
166,8,708.07,14.83,21.95,65.93,0.7197,-1,-1,-1
166,7,170.65,168.09,43.21,120.64,0.7974,-1,-1,-1
166,6,211.38,124.29,34.94,108.78,0.8019,-1,-1,-1
166,5,236.53,99.48,49.39,107.97,0.7592,-1,-1,-1
167,8,707.54,14.74,22.49,66.70,0.7197,-1,-1,-1
167,7,175.33,168.32,51.55,120.04,0.7974,-1,-1,-1
167,6,213.53,124.48,45.12,107.21,0.8019,-1,-1,-1
167,5,240.52,100.04,49.16,108.51,0.7592,-1,-1,-1
168,8,706.72,12.79,22.74,65.99,0.7197,-1,-1,-1
168,7,181.36,169.38,64.22,120.01,0.7974,-1,-1,-1
168,6,215.37,125.17,60.06,106.05,0.8019,-1,-1,-1
168,5,248.09,99.38,41.93,109.49,0.7592,-1,-1,-1
169,8,706.33,12.30,23.05,65.65,0.7197,-1,-1,-1
169,7,181.07,169.79,69.73,119.60,0.7974,-1,-1,-1
169,6,217.17,124.19,60.61,106.23,0.8019,-1,-1,-1
169,5,252.03,99.29,36.65,109.50,0.7592,-1,-1,-1
170,8,706.03,11.26,22.91,66.10,0.7197,-1,-1,-1
170,7,181.99,170.64,69.75,118.60,0.7974,-1,-1,-1
170,6,223.36,125.04,54.51,103.61,0.8019,-1,-1,-1
170,5,255.76,99.07,32.26,109.70,0.7592,-1,-1,-1
170,1,728.04,15.59,24.19,65.61,0.9044,-1,-1,-1
171,8,705.65,10.66,22.41,65.98,0.7197,-1,-1,-1
171,7,185.84,170.90,68.71,118.31,0.7974,-1,-1,-1
171,6,230.30,123.52,46.82,105.34,0.8019,-1,-1,-1
171,5,259.02,97.16,31.07,112.00,0.7592,-1,-1,-1
171,1,727.61,14.80,23.93,66.19,0.9044,-1,-1,-1
172,8,705.18,9.97,22.63,67.48,0.7197,-1,-1,-1
172,7,189.84,170.87,65.73,118.29,0.7974,-1,-1,-1
172,6,239.07,123.43,38.14,104.73,0.8019,-1,-1,-1
172,5,262.26,96.87,32.36,112.17,0.7592,-1,-1,-1
172,1,726.46,14.22,24.67,66.71,0.9044,-1,-1,-1
173,8,703.99,10.03,23.68,67.46,0.7197,-1,-1,-1
173,7,197.67,170.23,57.65,118.46,0.7974,-1,-1,-1
173,6,242.59,121.57,35.42,106.61,0.8019,-1,-1,-1
173,5,266.10,96.37,32.33,111.68,0.7592,-1,-1,-1
173,4,557.12,137.60,43.53,102.06,0.8611,-1,-1,-1
173,1,725.27,13.93,25.36,66.78,0.9044,-1,-1,-1
174,8,702.82,10.02,24.41,65.80,0.7197,-1,-1,-1
174,7,205.06,169.72,50.06,119.07,0.7974,-1,-1,-1
174,6,245.58,120.35,32.75,108.70,0.8019,-1,-1,-1
174,5,269.54,96.18,35.08,111.18,0.7592,-1,-1,-1
174,4,558.50,138.60,45.18,100.69,0.8611,-1,-1,-1
174,1,723.75,13.60,26.33,66.78,0.9044,-1,-1,-1
175,8,702.55,10.15,24.19,64.77,0.7197,-1,-1,-1
175,7,213.15,169.22,41.71,119.92,0.7974,-1,-1,-1
175,5,272.28,96.77,45.77,110.37,0.7592,-1,-1,-1
175,4,559.11,138.50,47.58,101.10,0.8611,-1,-1,-1
175,1,723.10,13.41,26.41,66.36,0.9044,-1,-1,-1
176,8,702.03,10.09,24.21,64.47,0.7197,-1,-1,-1
176,7,217.32,168.75,36.93,122.06,0.7974,-1,-1,-1
176,5,276.53,97.25,48.96,109.65,0.7592,-1,-1,-1
176,4,560.35,138.99,46.07,100.63,0.8611,-1,-1,-1
177,8,702.48,9.84,23.39,64.60,0.7197,-1,-1,-1
177,7,221.22,168.69,37.64,123.95,0.7974,-1,-1,-1
177,5,279.15,97.71,50.65,107.35,0.7592,-1,-1,-1
177,4,562.64,139.12,46.26,100.33,0.8611,-1,-1,-1
178,8,702.06,8.80,23.43,65.40,0.7197,-1,-1,-1
178,7,225.67,169.33,39.81,124.95,0.7974,-1,-1,-1
178,6,260.11,121.50,36.85,109.81,0.8019,-1,-1,-1
178,5,283.55,97.89,47.46,108.17,0.7592,-1,-1,-1
178,4,566.61,137.73,43.95,101.31,0.8611,-1,-1,-1
179,8,702.03,8.31,22.65,65.74,0.7197,-1,-1,-1
179,7,228.81,169.44,48.30,127.86,0.7974,-1,-1,-1
179,6,262.77,120.83,45.07,110.67,0.8019,-1,-1,-1
179,5,287.90,98.06,44.81,108.26,0.7592,-1,-1,-1
180,8,702.06,7.57,22.06,65.86,0.7197,-1,-1,-1
180,7,231.41,170.48,58.11,126.34,0.7974,-1,-1,-1
180,6,265.33,121.40,51.70,109.16,0.8019,-1,-1,-1
180,5,291.82,96.94,39.81,109.39,0.7592,-1,-1,-1
181,8,702.08,6.53,21.51,65.69,0.7197,-1,-1,-1
181,7,234.49,172.31,60.70,123.51,0.7974,-1,-1,-1
181,6,268.33,121.77,53.40,107.78,0.8019,-1,-1,-1
181,5,296.11,96.84,34.04,109.63,0.7592,-1,-1,-1
182,8,701.90,5.19,20.71,66.68,0.7197,-1,-1,-1
182,7,236.21,174.30,64.88,120.86,0.7974,-1,-1,-1
182,6,273.13,122.08,51.14,107.31,0.8019,-1,-1,-1
182,5,299.75,96.13,31.21,110.29,0.7592,-1,-1,-1
183,8,701.75,5.11,20.68,65.74,0.7197,-1,-1,-1
183,7,237.36,175.32,67.45,120.74,0.7974,-1,-1,-1
183,6,277.44,122.82,47.65,106.45,0.8019,-1,-1,-1
183,5,302.74,95.60,28.35,112.43,0.7592,-1,-1,-1
184,8,701.57,4.57,20.30,65.85,0.7197,-1,-1,-1
184,7,240.01,174.54,69.95,124.03,0.7974,-1,-1,-1
184,6,283.01,122.76,41.33,107.02,0.8019,-1,-1,-1
184,5,306.61,94.88,29.22,113.36,0.7592,-1,-1,-1
184,4,573.18,112.97,54.21,122.83,0.8611,-1,-1,-1
184,1,719.04,8.15,24.40,64.31,0.9044,-1,-1,-1
185,8,701.31,4.20,20.39,66.10,0.7197,-1,-1,-1
185,7,242.69,175.68,68.21,123.38,0.7974,-1,-1,-1
185,6,288.60,123.51,34.87,106.20,0.8019,-1,-1,-1
185,5,310.26,95.10,29.99,112.92,0.7592,-1,-1,-1
185,1,718.60,7.86,24.20,64.10,0.9044,-1,-1,-1
186,8,700.86,3.97,20.63,65.91,0.7197,-1,-1,-1
186,7,250.72,175.75,60.69,123.31,0.7974,-1,-1,-1
186,6,293.04,121.40,31.73,108.48,0.8019,-1,-1,-1
186,5,313.65,94.61,31.97,113.32,0.7592,-1,-1,-1
186,1,718.73,7.56,23.88,63.39,0.9044,-1,-1,-1
187,8,700.68,3.89,20.43,66.04,0.7197,-1,-1,-1
187,7,258.58,175.24,52.95,123.70,0.7974,-1,-1,-1
187,6,296.99,119.98,28.43,108.59,0.8019,-1,-1,-1
187,5,316.89,95.36,39.70,112.98,0.7592,-1,-1,-1
187,1,718.71,7.03,23.24,64.02,0.9044,-1,-1,-1
188,8,700.35,4.12,20.54,65.83,0.7197,-1,-1,-1
188,7,266.18,174.57,44.83,124.76,0.7974,-1,-1,-1
188,6,300.66,119.20,27.88,107.94,0.8019,-1,-1,-1
188,5,320.92,96.29,45.06,111.85,0.7592,-1,-1,-1
188,4,595.49,131.56,42.02,105.40,0.8611,-1,-1,-1
188,1,718.31,7.25,23.31,63.93,0.9044,-1,-1,-1
189,8,700.35,4.15,20.35,65.53,0.7197,-1,-1,-1
189,7,274.02,174.12,36.84,124.62,0.7974,-1,-1,-1
189,6,304.28,118.34,30.62,110.00,0.8019,-1,-1,-1
189,5,324.61,96.48,47.87,109.99,0.7592,-1,-1,-1
189,4,598.16,132.87,42.79,103.76,0.8611,-1,-1,-1
189,1,718.08,7.33,22.62,63.46,0.9044,-1,-1,-1
190,8,699.65,3.85,20.77,65.16,0.7197,-1,-1,-1
190,7,279.10,173.51,35.44,125.48,0.7974,-1,-1,-1
190,6,307.75,117.87,31.65,111.84,0.8019,-1,-1,-1
190,5,329.13,96.48,46.12,109.74,0.7592,-1,-1,-1
190,4,603.21,134.75,41.41,99.60,0.8611,-1,-1,-1
190,1,717.49,7.33,22.69,63.32,0.9044,-1,-1,-1
191,8,699.12,3.56,21.14,64.78,0.7197,-1,-1,-1
191,7,283.06,173.67,37.50,125.13,0.7974,-1,-1,-1
191,6,310.73,118.40,35.20,110.74,0.8019,-1,-1,-1
191,5,332.59,96.79,46.50,110.94,0.7592,-1,-1,-1
191,4,608.84,135.07,40.75,97.03,0.8611,-1,-1,-1
191,1,717.21,6.97,22.69,63.44,0.9044,-1,-1,-1
192,8,698.55,2.09,21.67,65.27,0.7197,-1,-1,-1
192,7,287.78,175.22,58.31,124.97,0.7974,-1,-1,-1
192,6,315.26,119.75,51.36,108.20,0.8019,-1,-1,-1
192,5,341.08,96.91,35.08,110.94,0.7592,-1,-1,-1
192,4,611.04,137.90,46.17,94.19,0.8611,-1,-1,-1
192,1,717.77,5.40,22.09,64.06,0.9044,-1,-1,-1
193,8,698.06,1.59,22.07,64.10,0.7197,-1,-1,-1
193,7,287.91,176.67,62.83,124.13,0.7974,-1,-1,-1
193,6,320.95,118.63,52.51,107.50,0.8019,-1,-1,-1
193,5,344.01,96.04,33.16,112.14,0.7592,-1,-1,-1
193,1,717.74,4.79,22.40,63.36,0.9044,-1,-1,-1
194,8,697.63,1.03,21.81,63.61,0.7197,-1,-1,-1
194,7,288.43,177.73,70.16,124.15,0.7974,-1,-1,-1
194,6,325.90,119.77,49.91,108.20,0.8019,-1,-1,-1
194,5,346.29,95.14,31.45,112.05,0.7592,-1,-1,-1
194,1,717.52,4.22,22.79,62.82,0.9044,-1,-1,-1
195,8,696.97,0.34,22.21,62.31,0.7197,-1,-1,-1
195,7,289.88,178.42,70.00,124.21,0.7974,-1,-1,-1
195,6,331.80,119.58,44.56,107.73,0.8019,-1,-1,-1
195,1,717.27,3.55,23.19,62.10,0.9044,-1,-1,-1
196,8,696.48,0.30,22.52,61.72,0.7197,-1,-1,-1
196,7,292.91,178.02,67.86,124.30,0.7974,-1,-1,-1
196,1,717.27,3.01,22.53,62.08,0.9044,-1,-1,-1
197,8,696.25,0.36,22.21,61.37,0.7197,-1,-1,-1
197,7,296.43,177.54,65.16,124.95,0.7974,-1,-1,-1
197,1,716.91,2.53,22.55,62.25,0.9044,-1,-1,-1
198,8,695.69,0.27,22.30,61.40,0.7197,-1,-1,-1
198,7,303.97,177.25,56.61,125.36,0.7974,-1,-1,-1
198,4,625.76,142.74,46.48,90.06,0.8611,-1,-1,-1
198,1,716.73,2.46,22.11,62.15,0.9044,-1,-1,-1
199,8,694.73,0.20,23.13,61.26,0.7197,-1,-1,-1
199,7,312.78,176.21,49.31,126.98,0.7974,-1,-1,-1
199,4,626.77,140.54,46.95,92.15,0.8611,-1,-1,-1
199,1,716.18,2.07,22.25,62.04,0.9044,-1,-1,-1
200,8,693.18,0.00,24.37,61.03,0.7197,-1,-1,-1
200,7,321.70,175.84,41.13,127.97,0.7974,-1,-1,-1
200,4,627.14,143.51,48.36,89.27,0.8611,-1,-1,-1
200,1,715.03,1.67,23.15,62.17,0.9044,-1,-1,-1
201,8,692.44,0.00,24.53,60.56,0.7197,-1,-1,-1
201,4,630.39,139.49,45.76,93.41,0.8611,-1,-1,-1
201,1,713.70,1.36,24.09,61.93,0.9044,-1,-1,-1
202,8,692.72,0.00,23.56,59.83,0.7197,-1,-1,-1
202,4,632.70,138.03,43.73,94.63,0.8611,-1,-1,-1
202,1,713.20,1.23,23.95,60.86,0.9044,-1,-1,-1
203,8,692.42,0.00,23.03,59.89,0.7197,-1,-1,-1
203,4,635.11,136.71,44.32,95.92,0.8611,-1,-1,-1
203,1,712.03,0.93,24.63,61.00,0.9044,-1,-1,-1
204,8,692.43,0.00,22.42,59.56,0.7197,-1,-1,-1
204,4,640.37,135.57,42.54,97.08,0.8611,-1,-1,-1
204,1,712.14,0.69,23.77,60.01,0.9044,-1,-1,-1
205,8,692.18,0.00,22.12,58.80,0.7197,-1,-1,-1
205,7,340.60,175.85,65.01,131.68,0.7974,-1,-1,-1
205,4,646.47,134.17,40.29,98.49,0.8611,-1,-1,-1
205,1,712.01,0.36,23.10,60.37,0.9044,-1,-1,-1
206,8,692.49,0.00,20.69,59.08,0.7197,-1,-1,-1
206,7,340.87,177.58,70.99,127.30,0.7974,-1,-1,-1
206,4,647.47,127.08,42.63,104.05,0.8611,-1,-1,-1
206,1,711.78,0.21,22.89,60.22,0.9044,-1,-1,-1
207,8,692.06,0.00,20.87,58.19,0.7197,-1,-1,-1
207,7,341.68,178.08,74.28,125.96,0.7974,-1,-1,-1
207,4,647.23,126.98,46.27,103.84,0.8611,-1,-1,-1
207,1,711.76,0.18,22.48,60.28,0.9044,-1,-1,-1
208,8,691.62,0.00,20.93,57.30,0.7197,-1,-1,-1
208,7,343.35,178.74,80.16,125.51,0.7974,-1,-1,-1
208,4,647.51,112.34,48.51,119.63,0.8611,-1,-1,-1
208,1,711.43,0.23,22.41,59.67,0.9044,-1,-1,-1
209,8,691.60,0.00,20.27,56.44,0.7197,-1,-1,-1
209,7,346.74,178.91,78.05,124.81,0.7974,-1,-1,-1
209,4,647.86,119.34,50.59,113.08,0.8611,-1,-1,-1
209,1,711.21,0.24,22.08,58.61,0.9044,-1,-1,-1
210,8,691.30,0.08,20.09,55.77,0.7197,-1,-1,-1
210,7,351.47,178.85,74.63,125.00,0.7974,-1,-1,-1
210,4,648.34,134.15,52.37,98.33,0.8611,-1,-1,-1
210,1,711.13,0.11,21.63,58.43,0.9044,-1,-1,-1
211,8,690.73,0.46,20.09,55.08,0.7197,-1,-1,-1
211,7,358.88,177.18,66.53,125.99,0.7974,-1,-1,-1
211,4,649.23,134.15,54.65,98.81,0.8611,-1,-1,-1
211,1,710.68,0.00,21.75,57.38,0.9044,-1,-1,-1
212,8,690.46,0.56,19.39,54.48,0.7197,-1,-1,-1
212,7,368.07,175.46,57.41,127.58,0.7974,-1,-1,-1
212,1,710.36,0.00,21.71,56.60,0.9044,-1,-1,-1
213,8,690.25,0.61,19.24,53.91,0.7197,-1,-1,-1
213,7,378.26,175.25,47.72,128.08,0.7974,-1,-1,-1
213,1,710.01,0.00,21.72,56.41,0.9044,-1,-1,-1
214,9,0.00,70.43,20.34,85.10,0.7814,-1,-1,-1
214,8,690.01,0.51,19.21,53.69,0.7197,-1,-1,-1
214,5,407.27,92.48,56.03,108.06,0.7592,-1,-1,-1
214,1,709.98,0.00,21.33,55.84,0.9044,-1,-1,-1
215,9,0.00,69.21,20.48,87.03,0.7814,-1,-1,-1
215,8,689.67,0.41,19.42,53.31,0.7197,-1,-1,-1
215,1,710.06,0.00,20.90,55.88,0.9044,-1,-1,-1
216,9,0.00,72.51,21.10,85.46,0.7814,-1,-1,-1
216,8,689.03,0.38,19.01,53.15,0.7197,-1,-1,-1
216,1,709.18,0.00,20.54,54.73,0.9044,-1,-1,-1
217,9,0.00,72.75,21.15,85.48,0.7814,-1,-1,-1
217,8,688.74,0.33,19.19,52.93,0.7197,-1,-1,-1
217,7,397.11,170.94,59.86,132.15,0.7974,-1,-1,-1
217,1,708.92,0.00,20.42,54.31,0.9044,-1,-1,-1
218,9,0.00,72.60,21.12,86.29,0.7814,-1,-1,-1
218,8,688.39,0.53,19.51,52.50,0.7197,-1,-1,-1
218,7,398.94,171.63,61.64,131.59,0.7974,-1,-1,-1
218,1,708.47,0.00,20.45,54.62,0.9044,-1,-1,-1
219,9,0.00,74.02,21.19,85.24,0.7814,-1,-1,-1
219,8,688.03,0.13,19.99,52.56,0.7197,-1,-1,-1
219,7,401.60,170.62,64.00,132.54,0.7974,-1,-1,-1
219,1,707.89,0.00,21.18,54.50,0.9044,-1,-1,-1
220,9,0.00,74.24,21.26,84.65,0.7814,-1,-1,-1
220,8,687.41,0.11,19.87,50.97,0.7197,-1,-1,-1
220,7,404.14,169.82,64.60,132.27,0.7974,-1,-1,-1
220,1,707.24,0.00,21.73,53.77,0.9044,-1,-1,-1
221,9,0.01,73.11,20.96,85.44,0.7814,-1,-1,-1
221,8,686.99,0.30,20.05,49.43,0.7197,-1,-1,-1
221,7,408.78,168.07,62.73,132.24,0.7974,-1,-1,-1
221,1,706.67,0.05,21.73,51.84,0.9044,-1,-1,-1
222,9,0.02,73.06,20.91,87.17,0.7814,-1,-1,-1
222,8,686.48,0.31,20.93,48.64,0.7197,-1,-1,-1
222,7,413.87,166.75,60.80,131.46,0.7974,-1,-1,-1
222,4,693.31,132.51,43.75,99.48,0.8611,-1,-1,-1
222,1,706.52,0.19,21.87,50.31,0.9044,-1,-1,-1
223,9,0.01,72.73,20.63,89.75,0.7814,-1,-1,-1
223,8,685.96,0.65,20.50,47.31,0.7197,-1,-1,-1
223,7,420.87,165.61,54.97,129.16,0.7974,-1,-1,-1
223,4,695.36,127.62,45.35,105.09,0.8611,-1,-1,-1
223,1,706.12,0.19,22.04,49.97,0.9044,-1,-1,-1
224,9,0.01,73.36,20.55,91.30,0.7814,-1,-1,-1
224,8,685.57,0.53,19.94,47.42,0.7197,-1,-1,-1
224,7,428.51,163.89,48.83,128.81,0.7974,-1,-1,-1
224,4,696.43,134.42,46.90,96.86,0.8611,-1,-1,-1
224,1,705.59,0.13,22.25,49.62,0.9044,-1,-1,-1
225,9,0.00,75.83,21.00,90.22,0.7814,-1,-1,-1
225,8,685.22,0.36,20.09,47.39,0.7197,-1,-1,-1
225,7,432.41,161.69,45.50,129.55,0.7974,-1,-1,-1
225,4,697.42,133.15,48.13,97.89,0.8611,-1,-1,-1
225,1,704.93,0.09,22.45,49.57,0.9044,-1,-1,-1
226,9,0.00,76.34,22.53,89.83,0.7814,-1,-1,-1
226,8,684.79,0.38,20.23,46.50,0.7197,-1,-1,-1
226,7,435.33,159.81,44.42,128.64,0.7974,-1,-1,-1
226,4,698.66,134.04,49.83,97.01,0.8611,-1,-1,-1
226,1,703.85,0.10,23.28,49.56,0.9044,-1,-1,-1
227,9,0.00,78.43,23.86,87.98,0.7814,-1,-1,-1
227,8,683.90,0.41,21.01,46.23,0.7197,-1,-1,-1
227,7,437.84,157.98,45.29,129.44,0.7974,-1,-1,-1
227,4,701.83,135.46,49.96,95.13,0.8611,-1,-1,-1
227,1,702.86,0.12,24.16,49.24,0.9044,-1,-1,-1
228,9,0.00,78.89,24.97,88.36,0.7814,-1,-1,-1
228,8,683.34,0.38,21.52,45.80,0.7197,-1,-1,-1
228,7,440.02,156.56,45.85,129.76,0.7974,-1,-1,-1
228,1,702.66,0.10,23.91,49.08,0.9044,-1,-1,-1
229,9,0.00,79.35,25.86,88.74,0.7814,-1,-1,-1
229,8,683.46,0.41,20.65,45.17,0.7197,-1,-1,-1
229,7,441.70,156.22,50.59,130.23,0.7974,-1,-1,-1
229,1,702.11,0.06,23.69,48.35,0.9044,-1,-1,-1
230,9,0.00,80.04,26.03,88.26,0.7814,-1,-1,-1
230,7,441.85,155.19,53.92,130.73,0.7974,-1,-1,-1
230,1,701.74,0.02,23.20,48.14,0.9044,-1,-1,-1
231,9,0.00,80.11,26.44,88.48,0.7814,-1,-1,-1
231,7,444.11,154.86,52.63,131.48,0.7974,-1,-1,-1
231,1,701.32,0.00,22.95,47.52,0.9044,-1,-1,-1
232,9,0.00,80.22,26.95,88.32,0.7814,-1,-1,-1
232,7,445.38,154.98,52.84,130.39,0.7974,-1,-1,-1
233,9,0.01,79.63,27.98,88.84,0.7814,-1,-1,-1
233,7,446.92,153.94,50.93,130.29,0.7974,-1,-1,-1
234,9,0.00,79.19,29.19,89.38,0.7814,-1,-1,-1
234,7,451.56,152.24,46.83,130.11,0.7974,-1,-1,-1
235,9,0.00,79.89,32.60,88.37,0.7814,-1,-1,-1
235,7,454.53,150.34,44.94,129.65,0.7974,-1,-1,-1
236,9,0.00,79.80,36.94,87.98,0.7814,-1,-1,-1
236,7,456.30,147.98,44.30,127.78,0.7974,-1,-1,-1
237,9,0.00,80.00,40.77,88.36,0.7814,-1,-1,-1
237,7,458.42,146.66,42.74,122.80,0.7974,-1,-1,-1
238,9,0.00,81.47,43.68,87.75,0.7814,-1,-1,-1
238,7,459.28,145.01,42.07,121.12,0.7974,-1,-1,-1
239,9,0.16,82.10,45.90,87.96,0.7814,-1,-1,-1
239,7,458.61,142.72,45.41,121.10,0.7974,-1,-1,-1
240,9,4.41,83.48,43.97,87.65,0.7814,-1,-1,-1
240,7,457.47,138.82,48.10,124.73,0.7974,-1,-1,-1
241,9,5.65,84.36,43.07,87.65,0.7814,-1,-1,-1
241,7,457.23,137.76,49.84,125.92,0.7974,-1,-1,-1
242,9,7.26,83.95,41.64,88.52,0.7814,-1,-1,-1
242,7,457.34,137.16,49.09,126.27,0.7974,-1,-1,-1
243,9,8.84,84.49,40.20,88.12,0.7814,-1,-1,-1
243,7,458.10,136.59,47.52,127.00,0.7974,-1,-1,-1
243,5,506.22,115.13,61.21,108.98,0.7592,-1,-1,-1
244,9,10.12,85.45,39.04,87.21,0.7814,-1,-1,-1
244,7,459.49,135.90,45.73,126.19,0.7974,-1,-1,-1
244,5,506.50,117.57,65.68,106.03,0.7592,-1,-1,-1
245,9,11.09,85.49,37.93,87.16,0.7814,-1,-1,-1
245,7,460.19,134.62,44.60,124.90,0.7974,-1,-1,-1
245,5,509.26,113.32,64.70,109.63,0.7592,-1,-1,-1
246,9,12.20,85.61,37.30,87.17,0.7814,-1,-1,-1
246,7,460.46,132.70,43.85,125.33,0.7974,-1,-1,-1
246,5,515.17,110.35,61.88,110.26,0.7592,-1,-1,-1
247,9,12.84,85.59,36.76,88.20,0.7814,-1,-1,-1
247,7,460.79,131.35,43.09,123.02,0.7974,-1,-1,-1
247,5,524.70,106.66,53.75,111.91,0.7592,-1,-1,-1
248,9,13.56,85.34,35.90,90.40,0.7814,-1,-1,-1
248,7,460.51,129.51,42.49,120.14,0.7974,-1,-1,-1
248,5,530.40,107.68,47.78,110.21,0.7592,-1,-1,-1
249,9,14.65,85.62,35.29,92.36,0.7814,-1,-1,-1
249,7,460.02,127.71,42.58,115.58,0.7974,-1,-1,-1
250,9,15.66,86.40,34.36,93.46,0.7814,-1,-1,-1
250,7,458.59,125.38,43.26,112.76,0.7974,-1,-1,-1
251,9,16.44,86.53,34.50,93.99,0.7814,-1,-1,-1
251,7,457.07,123.92,43.75,112.25,0.7974,-1,-1,-1
252,9,17.67,87.04,35.04,93.18,0.7814,-1,-1,-1
252,7,456.15,122.82,43.18,111.37,0.7974,-1,-1,-1
253,9,18.59,87.91,35.69,92.73,0.7814,-1,-1,-1
253,7,454.69,121.42,43.21,112.98,0.7974,-1,-1,-1
254,9,19.47,89.04,36.41,92.74,0.7814,-1,-1,-1
254,7,451.93,120.32,45.71,114.81,0.7974,-1,-1,-1
254,6,550.31,91.62,51.31,127.70,0.8019,-1,-1,-1
255,9,20.24,89.61,37.33,94.51,0.7814,-1,-1,-1
255,7,450.03,119.89,46.56,115.15,0.7974,-1,-1,-1
255,6,551.63,90.83,56.60,127.50,0.8019,-1,-1,-1
256,9,21.31,91.13,36.90,93.29,0.7814,-1,-1,-1
256,7,449.12,119.01,46.59,116.38,0.7974,-1,-1,-1
256,6,552.44,95.96,59.37,122.27,0.8019,-1,-1,-1
257,9,22.09,91.66,36.79,93.21,0.7814,-1,-1,-1
257,7,446.76,118.19,46.96,116.87,0.7974,-1,-1,-1
257,6,553.32,97.06,60.13,120.91,0.8019,-1,-1,-1
258,9,23.05,91.93,36.12,93.29,0.7814,-1,-1,-1
258,7,446.58,117.12,45.16,116.88,0.7974,-1,-1,-1
258,6,557.21,96.36,57.65,121.72,0.8019,-1,-1,-1
259,9,24.13,91.86,35.13,93.49,0.7814,-1,-1,-1
259,7,443.86,115.28,45.51,116.30,0.7974,-1,-1,-1
259,6,560.84,100.99,55.84,116.67,0.8019,-1,-1,-1
260,9,24.97,91.85,35.33,93.66,0.7814,-1,-1,-1
260,7,440.57,113.34,46.24,116.21,0.7974,-1,-1,-1
260,6,568.47,101.58,49.02,115.44,0.8019,-1,-1,-1
261,9,25.84,91.56,37.84,93.31,0.7814,-1,-1,-1
261,7,439.97,111.93,43.33,110.45,0.7974,-1,-1,-1
261,6,574.88,95.16,43.89,121.49,0.8019,-1,-1,-1
262,9,26.72,91.66,39.86,92.90,0.7814,-1,-1,-1
262,7,439.40,110.18,40.91,105.51,0.7974,-1,-1,-1
262,6,580.75,103.22,41.31,111.28,0.8019,-1,-1,-1
263,9,27.47,92.04,43.09,92.99,0.7814,-1,-1,-1
263,7,438.48,108.90,36.35,103.84,0.7974,-1,-1,-1
263,6,582.18,105.84,45.49,109.64,0.8019,-1,-1,-1
264,9,29.12,94.42,46.65,92.75,0.7814,-1,-1,-1
264,7,436.36,106.26,32.26,105.24,0.7974,-1,-1,-1
264,6,584.92,107.05,51.37,110.08,0.8019,-1,-1,-1
265,9,30.61,95.96,46.17,92.09,0.7814,-1,-1,-1
265,7,432.75,105.63,35.94,105.95,0.7974,-1,-1,-1
266,9,32.29,96.48,44.61,93.36,0.7814,-1,-1,-1
266,7,429.87,105.43,38.70,104.36,0.7974,-1,-1,-1
267,9,33.19,97.43,44.29,93.66,0.7814,-1,-1,-1
267,7,425.99,105.90,42.04,103.82,0.7974,-1,-1,-1
268,9,35.16,97.74,42.68,94.94,0.7814,-1,-1,-1
268,7,415.17,106.24,53.10,103.26,0.7974,-1,-1,-1
269,9,36.74,97.95,41.14,94.72,0.7814,-1,-1,-1
269,7,412.96,106.36,55.24,102.49,0.7974,-1,-1,-1
270,9,37.90,98.23,40.37,94.63,0.7814,-1,-1,-1
270,7,408.19,106.49,60.29,101.83,0.7974,-1,-1,-1
271,9,38.73,99.05,39.96,94.19,0.7814,-1,-1,-1
271,7,406.27,106.51,60.66,100.73,0.7974,-1,-1,-1
272,9,39.62,99.01,38.97,94.27,0.7814,-1,-1,-1
272,7,405.16,106.17,60.57,100.02,0.7974,-1,-1,-1
273,9,40.07,98.51,38.46,95.20,0.7814,-1,-1,-1
273,7,404.17,106.21,57.97,98.23,0.7974,-1,-1,-1
274,9,40.78,98.82,37.87,96.37,0.7814,-1,-1,-1
274,7,402.50,106.12,52.61,97.69,0.7974,-1,-1,-1
275,9,41.51,98.99,37.13,99.11,0.7814,-1,-1,-1
275,7,401.99,105.12,45.17,98.45,0.7974,-1,-1,-1
276,9,42.67,99.98,35.71,100.93,0.7814,-1,-1,-1
276,7,400.88,105.13,39.61,97.29,0.7974,-1,-1,-1
277,9,43.19,101.19,35.67,102.23,0.7814,-1,-1,-1
277,7,398.50,104.61,31.53,97.10,0.7974,-1,-1,-1
278,9,43.70,103.25,36.01,101.83,0.7814,-1,-1,-1
278,7,395.11,104.22,26.91,98.49,0.7974,-1,-1,-1
279,9,44.13,104.39,37.09,101.19,0.7814,-1,-1,-1
279,7,390.24,104.30,31.77,98.06,0.7974,-1,-1,-1
280,9,45.18,105.83,37.78,100.72,0.7814,-1,-1,-1
280,7,381.62,104.45,40.12,98.21,0.7974,-1,-1,-1
281,9,46.24,107.04,37.83,101.45,0.7814,-1,-1,-1
281,7,370.34,105.41,51.29,98.37,0.7974,-1,-1,-1
282,9,47.42,107.36,37.16,102.17,0.7814,-1,-1,-1
282,7,366.86,106.52,54.62,97.66,0.7974,-1,-1,-1
283,9,48.17,108.06,36.58,101.80,0.7814,-1,-1,-1
283,7,363.76,107.11,56.97,97.02,0.7974,-1,-1,-1
284,9,48.93,108.44,36.20,101.44,0.7814,-1,-1,-1
284,7,357.04,107.88,63.47,97.89,0.7974,-1,-1,-1
285,9,49.64,108.60,36.68,101.60,0.7814,-1,-1,-1
285,7,353.00,108.10,66.08,99.82,0.7974,-1,-1,-1
286,9,50.66,108.37,37.49,102.17,0.7814,-1,-1,-1
286,7,353.14,108.11,60.80,99.75,0.7974,-1,-1,-1
287,9,51.52,108.33,40.08,101.78,0.7814,-1,-1,-1
287,7,354.51,108.17,50.43,98.75,0.7974,-1,-1,-1
288,9,53.63,110.70,46.19,99.42,0.7814,-1,-1,-1
289,9,54.55,111.74,48.92,99.52,0.7814,-1,-1,-1
290,9,55.78,112.69,50.28,100.57,0.7814,-1,-1,-1
291,11,95.38,1.51,26.65,66.22,0.7180,-1,-1,-1
291,9,57.24,113.71,49.63,101.19,0.7814,-1,-1,-1
291,7,335.76,108.54,42.58,103.97,0.7974,-1,-1,-1
292,11,93.93,1.06,28.35,66.18,0.7180,-1,-1,-1
292,9,58.68,114.97,49.06,101.46,0.7814,-1,-1,-1
292,7,328.98,110.22,48.82,107.09,0.7974,-1,-1,-1
293,9,60.27,115.52,47.08,102.55,0.7814,-1,-1,-1
293,7,323.83,112.19,53.24,111.42,0.7974,-1,-1,-1
293,6,687.38,112.23,57.11,110.73,0.8019,-1,-1,-1
294,9,61.54,116.13,46.33,103.05,0.7814,-1,-1,-1
294,7,317.56,114.08,58.88,110.81,0.7974,-1,-1,-1
294,6,688.40,112.84,61.73,110.27,0.8019,-1,-1,-1
295,9,63.03,117.26,45.07,102.37,0.7814,-1,-1,-1
295,7,314.07,116.27,60.82,109.29,0.7974,-1,-1,-1
296,9,64.05,118.14,44.28,101.61,0.7814,-1,-1,-1
296,7,310.45,117.93,62.31,109.76,0.7974,-1,-1,-1
297,9,64.94,118.24,43.23,101.66,0.7814,-1,-1,-1
297,7,307.57,119.54,61.49,110.29,0.7974,-1,-1,-1
298,9,66.07,117.98,41.94,101.86,0.7814,-1,-1,-1
298,7,306.09,120.14,58.87,110.95,0.7974,-1,-1,-1
299,9,66.75,117.95,41.25,102.24,0.7814,-1,-1,-1
299,7,305.28,121.16,53.98,110.67,0.7974,-1,-1,-1
300,9,67.48,118.08,40.78,103.27,0.7814,-1,-1,-1
300,7,304.49,122.13,48.77,110.17,0.7974,-1,-1,-1
301,9,67.52,118.51,41.01,106.33,0.7814,-1,-1,-1
301,7,304.69,122.19,43.57,109.78,0.7974,-1,-1,-1
302,9,68.17,118.84,39.91,110.54,0.7814,-1,-1,-1
302,7,304.60,123.57,40.03,108.26,0.7974,-1,-1,-1
303,9,68.34,119.99,39.53,112.43,0.7814,-1,-1,-1
303,7,304.34,123.38,38.29,108.49,0.7974,-1,-1,-1
304,9,68.62,122.73,39.59,111.89,0.7814,-1,-1,-1
304,7,303.58,124.68,36.86,108.11,0.7974,-1,-1,-1
305,9,68.87,124.01,39.95,111.53,0.7814,-1,-1,-1
305,7,301.31,126.55,37.53,109.92,0.7974,-1,-1,-1
306,9,69.55,125.25,40.08,111.34,0.7814,-1,-1,-1
306,7,297.98,128.19,39.08,109.09,0.7974,-1,-1,-1
307,9,70.56,127.13,40.05,112.38,0.7814,-1,-1,-1
307,7,294.70,130.03,40.92,111.88,0.7974,-1,-1,-1
308,9,71.08,127.85,39.94,112.64,0.7814,-1,-1,-1
308,7,292.91,132.63,40.49,117.59,0.7974,-1,-1,-1
309,9,71.44,128.64,40.13,112.18,0.7814,-1,-1,-1
309,7,292.50,134.78,39.02,118.86,0.7974,-1,-1,-1
310,9,72.39,128.92,39.88,112.02,0.7814,-1,-1,-1
310,7,292.45,136.25,38.33,121.29,0.7974,-1,-1,-1
311,9,73.32,129.07,39.72,112.04,0.7814,-1,-1,-1
311,7,290.72,137.56,38.64,121.98,0.7974,-1,-1,-1
312,9,74.86,130.15,43.95,109.88,0.7814,-1,-1,-1
312,7,287.20,139.80,38.27,120.28,0.7974,-1,-1,-1
313,9,74.73,130.90,47.74,109.21,0.7814,-1,-1,-1
313,7,284.65,140.39,39.98,119.35,0.7974,-1,-1,-1
314,12,92.50,8.35,25.96,67.26,0.7459,-1,-1,-1
314,9,75.06,131.82,50.63,108.42,0.7814,-1,-1,-1
314,7,282.27,141.13,42.01,118.20,0.7974,-1,-1,-1
315,12,91.31,9.13,26.81,68.71,0.7459,-1,-1,-1
315,9,76.15,132.00,51.45,109.03,0.7814,-1,-1,-1
315,7,280.13,142.24,45.15,117.83,0.7974,-1,-1,-1
316,12,90.25,9.61,26.69,68.17,0.7459,-1,-1,-1
316,9,76.90,133.03,52.91,110.77,0.7814,-1,-1,-1
316,7,277.72,143.36,49.66,118.05,0.7974,-1,-1,-1
317,12,89.51,10.48,27.01,69.07,0.7459,-1,-1,-1
317,9,77.88,135.10,53.69,111.08,0.7814,-1,-1,-1
317,7,276.29,144.49,52.35,119.53,0.7974,-1,-1,-1
318,9,78.89,135.78,53.70,111.87,0.7814,-1,-1,-1
318,7,275.91,146.56,55.15,123.65,0.7974,-1,-1,-1
319,9,80.10,136.46,52.09,112.43,0.7814,-1,-1,-1
319,7,276.04,149.01,56.17,126.89,0.7974,-1,-1,-1
320,9,82.06,137.94,50.97,112.91,0.7814,-1,-1,-1
320,7,276.52,151.52,55.59,128.96,0.7974,-1,-1,-1
321,9,84.43,139.32,48.79,112.39,0.7814,-1,-1,-1
321,7,277.65,153.92,54.13,127.31,0.7974,-1,-1,-1
322,12,82.63,14.14,30.48,66.28,0.7459,-1,-1,-1
322,9,85.86,139.96,47.47,111.91,0.7814,-1,-1,-1
322,7,278.54,156.19,52.75,128.38,0.7974,-1,-1,-1
323,12,81.32,14.28,29.88,66.32,0.7459,-1,-1,-1
323,9,86.87,140.53,46.79,111.66,0.7814,-1,-1,-1
323,7,280.97,158.37,48.47,129.37,0.7974,-1,-1,-1
324,9,88.08,140.96,45.65,111.32,0.7814,-1,-1,-1
324,7,282.47,159.99,45.68,129.40,0.7974,-1,-1,-1
325,9,88.54,141.12,45.37,111.36,0.7814,-1,-1,-1
325,7,283.96,161.24,43.40,129.76,0.7974,-1,-1,-1
326,9,88.90,141.58,44.96,111.62,0.7814,-1,-1,-1
326,7,285.54,162.78,42.24,128.50,0.7974,-1,-1,-1
327,12,78.07,14.60,26.67,73.32,0.7459,-1,-1,-1
327,9,89.62,141.93,44.32,113.77,0.7814,-1,-1,-1
327,7,286.40,163.61,42.26,127.47,0.7974,-1,-1,-1
328,12,77.33,15.42,26.94,73.54,0.7459,-1,-1,-1
328,9,89.84,143.77,43.94,116.02,0.7814,-1,-1,-1
328,7,286.12,164.29,44.69,126.47,0.7974,-1,-1,-1
329,12,76.05,16.02,27.28,74.27,0.7459,-1,-1,-1
329,9,89.79,144.58,43.75,120.05,0.7814,-1,-1,-1
329,7,289.05,164.72,45.30,125.39,0.7974,-1,-1,-1
330,12,75.53,17.30,27.06,72.98,0.7459,-1,-1,-1
330,9,90.01,146.28,43.50,121.53,0.7814,-1,-1,-1
330,7,291.26,165.78,45.41,127.40,0.7974,-1,-1,-1
331,12,75.37,18.57,25.68,69.76,0.7459,-1,-1,-1
331,11,55.87,22.18,27.14,75.34,0.7180,-1,-1,-1
331,9,90.35,148.02,43.44,121.10,0.7814,-1,-1,-1
331,7,293.05,167.45,47.26,131.96,0.7974,-1,-1,-1
332,12,75.16,19.62,26.96,70.37,0.7459,-1,-1,-1
332,11,55.09,22.62,26.94,74.96,0.7180,-1,-1,-1
332,9,91.22,149.69,43.76,121.05,0.7814,-1,-1,-1
332,7,294.85,169.26,49.37,135.40,0.7974,-1,-1,-1
333,12,74.96,20.69,28.08,71.00,0.7459,-1,-1,-1
333,11,54.09,23.11,26.97,74.44,0.7180,-1,-1,-1
333,9,92.23,151.59,43.79,121.36,0.7814,-1,-1,-1
333,7,295.62,172.09,51.50,136.04,0.7974,-1,-1,-1
334,12,74.58,21.10,27.19,72.55,0.7459,-1,-1,-1
334,11,53.31,23.26,26.35,75.30,0.7180,-1,-1,-1
334,9,93.44,152.96,43.53,122.19,0.7814,-1,-1,-1
334,7,297.25,175.22,53.78,133.85,0.7974,-1,-1,-1
335,12,74.11,21.33,27.74,74.92,0.7459,-1,-1,-1
335,11,52.45,23.47,26.71,75.79,0.7180,-1,-1,-1
335,9,94.47,154.06,42.85,121.80,0.7814,-1,-1,-1
335,7,298.64,177.61,55.50,134.53,0.7974,-1,-1,-1
336,12,73.37,21.85,26.69,75.56,0.7459,-1,-1,-1
336,11,50.08,24.25,27.51,75.49,0.7180,-1,-1,-1
336,9,96.26,155.22,42.60,120.24,0.7814,-1,-1,-1
336,7,302.51,181.83,58.16,134.50,0.7974,-1,-1,-1
337,12,72.21,21.98,26.91,75.20,0.7459,-1,-1,-1
337,11,48.96,24.83,27.78,75.60,0.7180,-1,-1,-1
337,9,96.85,155.46,43.72,120.03,0.7814,-1,-1,-1
337,7,306.77,183.22,57.67,134.48,0.7974,-1,-1,-1
338,12,71.04,21.83,27.41,74.52,0.7459,-1,-1,-1
338,11,48.27,25.32,28.00,75.73,0.7180,-1,-1,-1
338,9,97.66,155.80,45.37,119.12,0.7814,-1,-1,-1
338,7,313.41,183.95,53.03,133.66,0.7974,-1,-1,-1
339,12,70.00,21.93,27.70,76.37,0.7459,-1,-1,-1
339,11,47.44,26.81,28.18,75.81,0.7180,-1,-1,-1
339,9,99.04,155.84,47.57,119.13,0.7814,-1,-1,-1
339,7,318.60,184.34,48.63,132.92,0.7974,-1,-1,-1
340,12,69.32,22.68,27.59,76.84,0.7459,-1,-1,-1
340,11,46.43,27.95,29.24,74.62,0.7180,-1,-1,-1
340,9,100.00,156.43,50.13,118.28,0.7814,-1,-1,-1
340,7,325.04,184.38,42.68,133.29,0.7974,-1,-1,-1
341,12,68.84,23.58,27.69,77.01,0.7459,-1,-1,-1
341,11,45.00,29.29,31.54,76.03,0.7180,-1,-1,-1
341,9,101.45,157.57,52.82,117.63,0.7814,-1,-1,-1
341,7,329.52,183.66,38.28,133.74,0.7974,-1,-1,-1
342,12,68.31,24.40,27.78,76.71,0.7459,-1,-1,-1
342,11,44.12,30.42,32.63,76.68,0.7180,-1,-1,-1
342,9,101.96,159.08,56.55,118.69,0.7814,-1,-1,-1
342,7,333.86,183.96,37.52,132.84,0.7974,-1,-1,-1
343,12,67.86,26.01,27.86,75.48,0.7459,-1,-1,-1
343,11,42.68,31.35,36.33,77.70,0.7180,-1,-1,-1
343,9,103.65,160.57,57.12,120.31,0.7814,-1,-1,-1
343,7,336.97,185.33,40.68,132.39,0.7974,-1,-1,-1
344,12,67.02,27.44,28.28,75.22,0.7459,-1,-1,-1
344,11,40.74,32.57,34.81,78.49,0.7180,-1,-1,-1
344,9,104.05,162.68,58.52,119.78,0.7814,-1,-1,-1
344,7,338.50,186.54,52.23,132.70,0.7974,-1,-1,-1
345,12,66.44,28.57,28.59,74.61,0.7459,-1,-1,-1
345,11,39.68,33.23,34.65,76.23,0.7180,-1,-1,-1
345,9,105.96,164.01,57.49,120.89,0.7814,-1,-1,-1
345,7,338.57,188.62,63.50,132.58,0.7974,-1,-1,-1
346,12,65.35,29.14,29.21,73.02,0.7459,-1,-1,-1
346,11,38.36,33.77,35.67,76.22,0.7180,-1,-1,-1
346,9,108.13,165.67,55.72,121.91,0.7814,-1,-1,-1
346,7,338.32,190.07,68.08,130.49,0.7974,-1,-1,-1
347,12,64.41,29.80,30.20,72.61,0.7459,-1,-1,-1
347,11,36.55,34.28,35.17,76.03,0.7180,-1,-1,-1
347,9,109.78,166.80,54.73,123.53,0.7814,-1,-1,-1
347,7,337.84,191.80,75.00,130.23,0.7974,-1,-1,-1
348,12,63.74,29.92,30.19,74.02,0.7459,-1,-1,-1
348,11,35.17,34.28,35.03,77.34,0.7180,-1,-1,-1
348,9,111.40,167.58,52.96,123.10,0.7814,-1,-1,-1
348,7,339.00,193.36,77.71,130.17,0.7974,-1,-1,-1
349,12,63.22,30.03,29.84,74.93,0.7459,-1,-1,-1
349,11,33.75,34.25,33.57,76.04,0.7180,-1,-1,-1
349,9,113.31,168.20,51.48,122.89,0.7814,-1,-1,-1
349,7,341.43,194.36,79.46,132.14,0.7974,-1,-1,-1
350,12,63.32,30.09,29.24,75.62,0.7459,-1,-1,-1
350,11,32.92,34.14,32.53,76.60,0.7180,-1,-1,-1
350,9,115.19,168.36,49.72,123.16,0.7814,-1,-1,-1
350,7,345.66,194.65,75.68,133.03,0.7974,-1,-1,-1
351,12,62.71,30.12,28.82,77.42,0.7459,-1,-1,-1
351,11,31.55,34.30,32.01,77.88,0.7180,-1,-1,-1
351,9,116.32,168.34,48.54,122.84,0.7814,-1,-1,-1
351,7,351.83,194.81,70.30,133.48,0.7974,-1,-1,-1
352,12,62.05,30.26,29.30,78.49,0.7459,-1,-1,-1
352,11,30.33,34.60,30.37,78.74,0.7180,-1,-1,-1
352,9,117.31,168.46,47.67,122.58,0.7814,-1,-1,-1
352,7,359.97,194.40,63.40,134.60,0.7974,-1,-1,-1
353,12,61.42,30.44,29.19,79.68,0.7459,-1,-1,-1
353,11,29.32,35.76,30.39,80.44,0.7180,-1,-1,-1
353,9,118.08,168.72,47.26,122.92,0.7814,-1,-1,-1
353,7,370.42,194.20,52.75,134.85,0.7974,-1,-1,-1
354,12,61.01,31.42,29.19,80.58,0.7459,-1,-1,-1
354,11,28.85,36.78,29.90,81.74,0.7180,-1,-1,-1
354,9,118.58,169.59,47.00,124.98,0.7814,-1,-1,-1
354,7,380.06,194.13,44.62,135.96,0.7974,-1,-1,-1
355,12,60.20,32.41,29.02,81.12,0.7459,-1,-1,-1
355,11,28.26,38.11,30.16,79.66,0.7180,-1,-1,-1
355,9,118.31,170.74,46.57,129.10,0.7814,-1,-1,-1
355,7,391.69,194.06,40.95,137.89,0.7974,-1,-1,-1
356,12,60.19,33.61,28.17,80.25,0.7459,-1,-1,-1
356,11,27.44,39.63,30.44,78.28,0.7180,-1,-1,-1
356,9,118.60,172.08,46.69,132.44,0.7814,-1,-1,-1
356,7,399.18,194.77,44.39,141.90,0.7974,-1,-1,-1
357,12,60.10,34.76,27.57,81.31,0.7459,-1,-1,-1
357,11,26.39,40.95,30.70,77.70,0.7180,-1,-1,-1
357,9,119.68,174.27,48.96,133.27,0.7814,-1,-1,-1
357,7,400.90,195.23,51.54,141.95,0.7974,-1,-1,-1
358,12,59.63,35.95,28.28,81.67,0.7459,-1,-1,-1
358,11,25.81,41.89,30.05,80.08,0.7180,-1,-1,-1
358,9,120.26,176.64,52.08,132.20,0.7814,-1,-1,-1
358,7,400.66,197.54,60.59,140.05,0.7974,-1,-1,-1
359,12,59.85,36.50,27.58,81.84,0.7459,-1,-1,-1
359,11,25.01,42.32,29.30,80.56,0.7180,-1,-1,-1
359,9,122.03,178.48,53.59,131.39,0.7814,-1,-1,-1
359,7,400.42,199.70,69.73,136.08,0.7974,-1,-1,-1
360,12,59.45,37.31,27.20,81.89,0.7459,-1,-1,-1
360,11,23.46,43.52,28.18,79.84,0.7180,-1,-1,-1
360,9,126.06,181.75,51.72,132.51,0.7814,-1,-1,-1
360,7,402.53,203.77,80.82,131.45,0.7974,-1,-1,-1
361,12,58.83,37.34,27.90,81.56,0.7459,-1,-1,-1
361,11,22.48,43.30,27.98,80.32,0.7180,-1,-1,-1
361,9,128.54,182.79,49.76,131.74,0.7814,-1,-1,-1
361,7,404.21,204.76,87.38,132.33,0.7974,-1,-1,-1
362,12,58.47,37.37,28.00,80.89,0.7459,-1,-1,-1
362,11,21.31,43.23,28.37,79.34,0.7180,-1,-1,-1
362,9,130.79,183.72,48.07,131.22,0.7814,-1,-1,-1
362,7,408.86,204.76,85.18,133.09,0.7974,-1,-1,-1
363,12,57.99,37.67,28.26,81.47,0.7459,-1,-1,-1
363,11,20.16,43.08,29.08,81.46,0.7180,-1,-1,-1
363,9,133.50,184.06,46.11,131.19,0.7814,-1,-1,-1
363,7,413.92,204.82,81.25,132.33,0.7974,-1,-1,-1
364,12,57.65,37.98,29.02,82.07,0.7459,-1,-1,-1
364,11,18.91,43.71,29.80,81.27,0.7180,-1,-1,-1
364,9,134.72,184.21,46.86,131.09,0.7814,-1,-1,-1
364,7,423.82,204.46,71.36,132.82,0.7974,-1,-1,-1
365,12,57.14,38.51,29.92,82.88,0.7459,-1,-1,-1
365,11,17.88,44.69,30.76,83.16,0.7180,-1,-1,-1
365,9,136.09,184.22,49.13,130.94,0.7814,-1,-1,-1
365,7,433.94,203.39,61.15,133.36,0.7974,-1,-1,-1
366,12,56.83,39.55,29.92,84.30,0.7459,-1,-1,-1
366,11,17.07,45.76,30.92,84.35,0.7180,-1,-1,-1
366,9,138.47,184.80,51.28,130.08,0.7814,-1,-1,-1
366,7,444.75,202.29,50.07,134.45,0.7974,-1,-1,-1
367,12,56.54,40.52,29.98,84.57,0.7459,-1,-1,-1
367,11,16.28,47.93,31.23,82.18,0.7180,-1,-1,-1
367,9,140.40,186.25,56.51,128.04,0.7814,-1,-1,-1
367,7,456.68,201.03,40.04,135.24,0.7974,-1,-1,-1
368,12,55.98,42.12,30.66,84.25,0.7459,-1,-1,-1
368,11,15.50,49.95,31.60,84.60,0.7180,-1,-1,-1
368,9,142.15,187.80,62.33,127.27,0.7814,-1,-1,-1
368,7,468.61,200.31,37.88,136.89,0.7974,-1,-1,-1
369,12,55.15,43.70,30.92,84.15,0.7459,-1,-1,-1
369,11,15.10,51.66,31.21,84.05,0.7180,-1,-1,-1
369,9,144.52,189.59,66.33,128.19,0.7814,-1,-1,-1
369,7,468.86,200.65,47.76,136.32,0.7974,-1,-1,-1
370,12,54.48,44.85,30.80,84.94,0.7459,-1,-1,-1
370,11,14.10,52.82,31.59,84.16,0.7180,-1,-1,-1
370,9,147.57,191.06,67.25,128.25,0.7814,-1,-1,-1
370,7,469.47,201.71,58.35,135.44,0.7974,-1,-1,-1
371,12,53.44,45.43,31.50,85.39,0.7459,-1,-1,-1
371,11,13.00,53.76,32.08,83.91,0.7180,-1,-1,-1
371,9,149.91,192.95,67.26,128.10,0.7814,-1,-1,-1
371,7,469.45,202.52,67.70,134.74,0.7974,-1,-1,-1
372,12,52.44,45.58,32.72,83.78,0.7459,-1,-1,-1
372,11,11.76,54.67,33.24,83.47,0.7180,-1,-1,-1
372,9,152.35,194.62,65.87,129.02,0.7814,-1,-1,-1
372,7,469.73,203.65,77.30,133.87,0.7974,-1,-1,-1
373,12,51.43,45.79,33.73,83.26,0.7459,-1,-1,-1
373,11,10.33,55.25,34.18,82.54,0.7180,-1,-1,-1
373,9,155.14,195.64,63.33,131.53,0.7814,-1,-1,-1
373,7,469.98,203.87,82.94,133.95,0.7974,-1,-1,-1
374,12,50.41,46.42,34.28,83.81,0.7459,-1,-1,-1
374,11,9.24,54.90,35.85,82.38,0.7180,-1,-1,-1
374,9,158.28,196.18,60.60,131.75,0.7814,-1,-1,-1
374,7,472.54,203.89,85.03,133.29,0.7974,-1,-1,-1
375,12,49.39,46.45,34.29,84.64,0.7459,-1,-1,-1
375,11,8.28,53.89,37.06,83.94,0.7180,-1,-1,-1
375,9,160.62,196.73,59.08,131.24,0.7814,-1,-1,-1
375,7,476.82,203.42,83.71,132.76,0.7974,-1,-1,-1
376,12,48.43,46.71,33.83,84.76,0.7459,-1,-1,-1
376,11,7.47,53.81,35.77,83.51,0.7180,-1,-1,-1
376,9,163.49,197.42,55.99,130.61,0.7814,-1,-1,-1
376,7,481.98,201.96,82.57,134.29,0.7974,-1,-1,-1
377,12,48.01,47.37,33.32,84.64,0.7459,-1,-1,-1
377,11,6.66,53.45,35.81,84.99,0.7180,-1,-1,-1
377,9,165.23,198.05,54.28,129.94,0.7814,-1,-1,-1
377,7,492.79,200.45,73.55,130.11,0.7974,-1,-1,-1
378,12,47.71,47.81,32.79,84.79,0.7459,-1,-1,-1
378,11,5.39,54.24,36.16,85.48,0.7180,-1,-1,-1
378,9,166.37,198.62,53.29,129.67,0.7814,-1,-1,-1
378,7,504.13,199.34,63.16,130.68,0.7974,-1,-1,-1
379,12,47.22,48.76,32.29,85.61,0.7459,-1,-1,-1
379,11,4.69,54.75,34.74,87.17,0.7180,-1,-1,-1
379,9,167.96,198.85,51.88,129.88,0.7814,-1,-1,-1
379,7,514.30,198.22,54.02,131.91,0.7974,-1,-1,-1
380,12,47.01,49.58,31.33,86.75,0.7459,-1,-1,-1
380,11,4.21,55.56,33.48,88.90,0.7180,-1,-1,-1
380,9,169.04,199.63,50.78,133.20,0.7814,-1,-1,-1
380,7,527.35,196.78,42.13,136.78,0.7974,-1,-1,-1
381,12,46.78,51.69,30.47,86.56,0.7459,-1,-1,-1
381,11,4.02,57.74,33.22,89.63,0.7180,-1,-1,-1
381,9,169.92,200.87,48.92,138.43,0.7814,-1,-1,-1
381,7,533.73,196.06,38.92,138.75,0.7974,-1,-1,-1
382,12,46.51,52.48,29.35,86.35,0.7459,-1,-1,-1
382,11,4.55,59.45,30.76,89.76,0.7180,-1,-1,-1
382,9,170.72,202.74,49.44,141.47,0.7814,-1,-1,-1
382,7,534.25,196.01,44.25,135.56,0.7974,-1,-1,-1
383,12,46.16,53.34,29.21,86.49,0.7459,-1,-1,-1
383,11,4.04,61.25,31.05,88.78,0.7180,-1,-1,-1
383,9,171.89,204.76,54.19,144.57,0.7814,-1,-1,-1
383,7,534.99,196.69,52.84,131.92,0.7974,-1,-1,-1
384,12,45.51,54.91,28.37,88.58,0.7459,-1,-1,-1
384,11,3.11,63.45,31.00,89.33,0.7180,-1,-1,-1
384,9,173.63,209.40,62.26,141.28,0.7814,-1,-1,-1
384,7,534.09,198.39,70.11,129.91,0.7974,-1,-1,-1
385,12,45.04,55.34,28.76,87.71,0.7459,-1,-1,-1
385,11,1.69,63.87,31.65,88.93,0.7180,-1,-1,-1
385,9,176.19,210.54,62.42,142.09,0.7814,-1,-1,-1
385,7,536.52,199.45,76.60,127.53,0.7974,-1,-1,-1
386,12,44.36,55.97,29.59,87.59,0.7459,-1,-1,-1
386,11,1.18,64.19,32.23,88.73,0.7180,-1,-1,-1
386,9,178.98,212.45,60.61,142.26,0.7814,-1,-1,-1
386,7,536.84,199.20,79.67,127.34,0.7974,-1,-1,-1
387,12,44.21,56.22,29.57,87.40,0.7459,-1,-1,-1
387,11,0.91,64.05,32.26,88.84,0.7180,-1,-1,-1
387,9,182.46,213.54,57.49,141.57,0.7814,-1,-1,-1
387,7,540.36,199.21,78.40,127.77,0.7974,-1,-1,-1
388,12,43.96,56.73,29.99,86.07,0.7459,-1,-1,-1
388,11,0.80,63.84,32.55,89.69,0.7180,-1,-1,-1
388,9,186.06,215.06,54.44,140.27,0.7814,-1,-1,-1
388,7,545.00,198.32,75.91,127.71,0.7974,-1,-1,-1
389,12,43.36,57.10,30.46,86.06,0.7459,-1,-1,-1
389,11,0.32,63.88,33.57,89.72,0.7180,-1,-1,-1
389,9,190.24,215.98,50.46,139.98,0.7814,-1,-1,-1
389,7,553.77,197.52,68.32,125.29,0.7974,-1,-1,-1
390,12,43.11,57.99,31.26,86.30,0.7459,-1,-1,-1
390,11,0.35,64.20,34.20,89.93,0.7180,-1,-1,-1
390,9,193.01,216.54,48.83,139.62,0.7814,-1,-1,-1
390,7,563.18,195.95,61.02,124.12,0.7974,-1,-1,-1
391,12,42.91,58.61,31.65,88.39,0.7459,-1,-1,-1
391,11,0.17,64.68,33.89,90.76,0.7180,-1,-1,-1
391,9,195.23,217.11,49.87,139.07,0.7814,-1,-1,-1
391,7,572.35,194.46,55.65,124.81,0.7974,-1,-1,-1
392,12,42.61,59.62,31.95,91.21,0.7459,-1,-1,-1
392,11,0.13,66.34,33.24,92.65,0.7180,-1,-1,-1
392,9,196.44,217.44,52.94,139.45,0.7814,-1,-1,-1
392,7,583.74,192.90,49.22,126.16,0.7974,-1,-1,-1
393,12,41.92,60.66,31.88,92.11,0.7459,-1,-1,-1
393,11,0.00,67.79,32.53,94.33,0.7180,-1,-1,-1
393,9,197.53,218.48,58.73,137.59,0.7814,-1,-1,-1
393,7,593.14,192.06,47.15,126.83,0.7974,-1,-1,-1
394,12,41.44,61.37,32.35,92.52,0.7459,-1,-1,-1
394,11,0.00,69.75,32.71,93.06,0.7180,-1,-1,-1
394,9,200.34,219.54,64.39,136.55,0.7814,-1,-1,-1
394,7,596.33,191.17,51.95,127.15,0.7974,-1,-1,-1
395,12,40.52,63.81,33.04,90.72,0.7459,-1,-1,-1
395,11,0.00,71.21,32.53,93.12,0.7180,-1,-1,-1
395,9,203.59,221.16,69.59,136.65,0.7814,-1,-1,-1
395,7,596.48,191.30,59.51,126.62,0.7974,-1,-1,-1
396,12,40.06,65.06,33.28,90.34,0.7459,-1,-1,-1
396,11,0.04,73.46,32.09,93.47,0.7180,-1,-1,-1
396,9,207.42,223.37,72.01,138.19,0.7814,-1,-1,-1
396,7,596.26,191.23,66.86,127.33,0.7974,-1,-1,-1
397,12,39.39,65.63,33.69,90.18,0.7459,-1,-1,-1
397,11,0.11,74.63,31.76,94.92,0.7180,-1,-1,-1
397,9,211.48,225.25,71.74,138.92,0.7814,-1,-1,-1
397,7,596.31,191.55,73.23,127.37,0.7974,-1,-1,-1
398,12,39.00,66.36,33.57,90.19,0.7459,-1,-1,-1
398,11,0.00,75.08,31.52,95.58,0.7180,-1,-1,-1
398,9,214.53,226.78,71.30,139.42,0.7814,-1,-1,-1
398,7,597.97,191.72,76.19,126.50,0.7974,-1,-1,-1
399,12,38.78,66.53,34.19,90.01,0.7459,-1,-1,-1
399,11,0.00,75.30,31.54,94.76,0.7180,-1,-1,-1
399,9,218.12,228.78,68.91,141.26,0.7814,-1,-1,-1
399,7,600.40,191.27,77.79,126.96,0.7974,-1,-1,-1
400,12,37.55,67.56,34.62,89.65,0.7459,-1,-1,-1
400,11,0.00,75.90,29.76,94.77,0.7180,-1,-1,-1
400,9,221.02,229.64,66.62,141.79,0.7814,-1,-1,-1
400,7,604.54,190.19,77.48,127.20,0.7974,-1,-1,-1
401,12,37.23,67.53,34.85,89.84,0.7459,-1,-1,-1
401,11,0.00,75.05,28.09,94.95,0.7180,-1,-1,-1
401,9,223.98,230.65,63.58,141.21,0.7814,-1,-1,-1
401,7,609.36,189.82,73.95,123.85,0.7974,-1,-1,-1
402,12,36.94,67.80,35.18,91.69,0.7459,-1,-1,-1
402,11,0.00,75.49,27.44,95.48,0.7180,-1,-1,-1
402,9,226.95,231.52,60.51,140.63,0.7814,-1,-1,-1
402,7,621.91,188.62,62.89,121.77,0.7974,-1,-1,-1
403,12,36.90,68.06,34.87,91.97,0.7459,-1,-1,-1
403,11,0.01,74.91,26.48,95.61,0.7180,-1,-1,-1
403,9,228.74,232.17,59.02,139.93,0.7814,-1,-1,-1
403,7,632.96,187.71,52.76,118.12,0.7974,-1,-1,-1
404,12,36.66,68.27,34.94,92.09,0.7459,-1,-1,-1
404,11,0.00,75.19,26.00,95.81,0.7180,-1,-1,-1
404,9,231.01,232.89,56.62,139.36,0.7814,-1,-1,-1
404,7,638.95,185.99,49.24,118.78,0.7974,-1,-1,-1
405,12,36.30,69.23,35.16,93.03,0.7459,-1,-1,-1
405,11,0.00,75.28,23.99,98.21,0.7180,-1,-1,-1
405,9,233.54,233.81,54.04,138.66,0.7814,-1,-1,-1
405,7,647.93,185.24,43.90,120.44,0.7974,-1,-1,-1
406,12,35.96,70.07,36.35,94.04,0.7459,-1,-1,-1
406,11,0.00,75.49,22.82,100.25,0.7180,-1,-1,-1
406,9,235.32,234.24,52.65,141.37,0.7814,-1,-1,-1
406,7,648.72,184.76,47.85,122.34,0.7974,-1,-1,-1
407,12,35.28,70.91,37.00,94.52,0.7459,-1,-1,-1
407,11,0.02,78.27,21.83,99.95,0.7180,-1,-1,-1
407,9,237.87,235.34,49.79,147.75,0.7814,-1,-1,-1
407,7,648.70,184.35,52.16,123.53,0.7974,-1,-1,-1
408,12,35.90,73.63,35.67,94.57,0.7459,-1,-1,-1
408,11,0.01,82.08,20.82,100.52,0.7180,-1,-1,-1
408,9,238.60,239.84,56.14,155.86,0.7814,-1,-1,-1
408,7,648.88,187.03,67.29,119.82,0.7974,-1,-1,-1
409,12,36.41,74.75,34.87,94.56,0.7459,-1,-1,-1
409,11,0.00,82.44,21.16,101.44,0.7180,-1,-1,-1
409,9,238.72,242.68,63.22,155.87,0.7814,-1,-1,-1
409,7,649.60,187.89,75.27,118.82,0.7974,-1,-1,-1
410,12,36.39,75.44,35.68,95.25,0.7459,-1,-1,-1
410,11,0.00,84.43,20.36,102.53,0.7180,-1,-1,-1
410,9,239.98,245.26,67.46,154.16,0.7814,-1,-1,-1
410,7,649.87,188.77,80.67,117.50,0.7974,-1,-1,-1
411,12,36.70,76.15,35.52,95.73,0.7459,-1,-1,-1
411,11,0.01,83.19,18.87,105.42,0.7180,-1,-1,-1
411,9,242.53,247.55,68.62,153.54,0.7814,-1,-1,-1
411,7,651.82,189.99,85.03,115.88,0.7974,-1,-1,-1
412,12,36.89,76.28,34.99,95.20,0.7459,-1,-1,-1
412,11,0.00,86.03,17.85,103.40,0.7180,-1,-1,-1
412,9,244.81,249.75,68.55,153.74,0.7814,-1,-1,-1
412,7,655.77,190.86,82.67,114.11,0.7974,-1,-1,-1
413,12,37.09,76.61,35.17,95.39,0.7459,-1,-1,-1
413,11,0.00,85.26,16.29,104.28,0.7180,-1,-1,-1
413,9,248.48,251.45,65.21,152.89,0.7814,-1,-1,-1
413,7,660.16,192.04,83.80,111.60,0.7974,-1,-1,-1
414,12,37.13,76.86,35.06,95.58,0.7459,-1,-1,-1
414,11,0.01,84.77,15.18,105.16,0.7180,-1,-1,-1
414,9,253.72,252.91,60.64,151.98,0.7814,-1,-1,-1
415,12,37.12,77.16,34.96,96.22,0.7459,-1,-1,-1
415,11,0.04,86.24,15.61,103.05,0.7180,-1,-1,-1
415,9,257.94,253.96,56.29,151.15,0.7814,-1,-1,-1
416,12,37.33,78.07,34.81,96.98,0.7459,-1,-1,-1
416,11,0.01,87.35,15.29,101.36,0.7180,-1,-1,-1
416,9,262.99,255.15,51.94,150.46,0.7814,-1,-1,-1
417,12,37.21,79.56,34.90,98.34,0.7459,-1,-1,-1
417,11,0.00,88.26,15.73,100.05,0.7180,-1,-1,-1
417,9,266.71,255.30,51.76,149.55,0.7814,-1,-1,-1
418,12,37.22,80.53,34.92,98.91,0.7459,-1,-1,-1
418,11,0.00,89.04,17.12,100.48,0.7180,-1,-1,-1
418,9,269.25,255.61,53.45,149.31,0.7814,-1,-1,-1
419,12,37.94,81.44,34.32,100.29,0.7459,-1,-1,-1
419,11,0.02,88.65,19.12,104.72,0.7180,-1,-1,-1
419,9,271.60,256.99,56.23,147.82,0.7814,-1,-1,-1
420,12,38.18,82.52,34.01,99.78,0.7459,-1,-1,-1
420,11,0.02,88.52,19.77,105.70,0.7180,-1,-1,-1
420,9,274.45,258.66,63.10,145.67,0.7814,-1,-1,-1
421,12,38.33,84.54,34.33,100.04,0.7459,-1,-1,-1
421,11,0.04,88.71,21.21,108.48,0.7180,-1,-1,-1
421,9,278.04,260.87,69.41,145.44,0.7814,-1,-1,-1
422,12,38.69,86.32,33.77,98.70,0.7459,-1,-1,-1
422,9,281.68,262.78,74.33,148.62,0.7814,-1,-1,-1
423,12,39.05,86.82,33.77,100.70,0.7459,-1,-1,-1
423,9,285.84,265.50,77.29,148.76,0.7814,-1,-1,-1
424,12,39.12,87.72,34.06,99.29,0.7459,-1,-1,-1
424,9,289.52,267.50,76.46,149.68,0.7814,-1,-1,-1
425,12,39.24,88.06,34.39,99.17,0.7459,-1,-1,-1
425,9,293.62,269.52,73.48,150.53,0.7814,-1,-1,-1
426,12,38.72,87.87,36.03,99.80,0.7459,-1,-1,-1
426,9,296.70,270.85,70.91,153.00,0.7814,-1,-1,-1
427,12,39.05,88.35,37.07,98.76,0.7459,-1,-1,-1
427,9,297.69,272.08,70.59,152.21,0.7814,-1,-1,-1
428,12,39.33,88.48,37.30,98.55,0.7459,-1,-1,-1
428,9,299.96,273.12,68.37,151.45,0.7814,-1,-1,-1
429,12,39.60,89.07,37.96,97.86,0.7459,-1,-1,-1
429,9,304.24,273.76,63.94,150.80,0.7814,-1,-1,-1
430,12,39.69,89.59,38.89,99.81,0.7459,-1,-1,-1
430,9,309.54,273.73,59.08,150.76,0.7814,-1,-1,-1
431,12,39.91,90.66,40.80,100.42,0.7459,-1,-1,-1
431,9,314.14,274.86,54.57,149.50,0.7814,-1,-1,-1
432,12,41.01,93.58,41.87,100.11,0.7459,-1,-1,-1
432,9,318.15,276.85,52.59,155.43,0.7814,-1,-1,-1
433,12,41.82,96.13,41.85,98.10,0.7459,-1,-1,-1
433,9,318.49,279.14,55.54,162.90,0.7814,-1,-1,-1
434,12,42.63,97.19,41.86,100.46,0.7459,-1,-1,-1
434,9,317.83,282.21,60.81,167.78,0.7814,-1,-1,-1
435,12,43.85,97.54,40.39,100.94,0.7459,-1,-1,-1
435,11,0.00,123.75,11.08,97.67,0.7180,-1,-1,-1
435,9,317.62,284.54,68.72,168.73,0.7814,-1,-1,-1
436,12,45.00,98.43,39.69,100.49,0.7459,-1,-1,-1
436,11,0.00,121.45,11.82,101.52,0.7180,-1,-1,-1
436,9,318.07,287.16,75.10,168.09,0.7814,-1,-1,-1
437,12,45.61,99.22,39.32,99.22,0.7459,-1,-1,-1
437,11,0.00,125.34,12.03,98.99,0.7180,-1,-1,-1
437,9,319.82,289.99,77.24,167.59,0.7814,-1,-1,-1
438,12,46.07,99.66,39.50,100.09,0.7459,-1,-1,-1
438,11,0.00,129.67,12.60,95.38,0.7180,-1,-1,-1
438,9,323.36,292.66,75.87,166.87,0.7814,-1,-1,-1
439,12,46.53,99.80,39.50,101.05,0.7459,-1,-1,-1
439,11,0.00,130.96,13.22,94.18,0.7180,-1,-1,-1
439,9,328.05,294.24,72.22,166.67,0.7814,-1,-1,-1
440,12,46.58,100.07,39.15,102.49,0.7459,-1,-1,-1
440,11,0.00,129.65,13.07,95.47,0.7180,-1,-1,-1
440,9,333.76,295.82,67.91,165.46,0.7814,-1,-1,-1
441,12,46.97,100.92,38.70,102.34,0.7459,-1,-1,-1
441,11,0.00,124.78,13.40,100.26,0.7180,-1,-1,-1
441,9,340.13,297.89,63.60,163.65,0.7814,-1,-1,-1
442,12,47.12,101.64,38.96,104.17,0.7459,-1,-1,-1
442,11,0.00,125.26,14.90,99.99,0.7180,-1,-1,-1
442,9,347.09,299.08,60.16,162.82,0.7814,-1,-1,-1
442,7,819.03,196.01,36.97,116.87,0.7974,-1,-1,-1
443,12,47.78,102.85,38.27,106.02,0.7459,-1,-1,-1
443,11,0.00,131.64,17.47,93.60,0.7180,-1,-1,-1
443,9,354.23,299.98,56.06,162.07,0.7814,-1,-1,-1
443,7,821.68,194.38,34.32,117.68,0.7974,-1,-1,-1
444,12,47.55,103.69,38.79,109.31,0.7459,-1,-1,-1
444,11,0.00,132.79,17.95,94.61,0.7180,-1,-1,-1
444,9,359.22,300.62,55.69,161.52,0.7814,-1,-1,-1
444,7,822.28,192.44,33.72,118.29,0.7974,-1,-1,-1
445,12,48.48,105.69,38.07,106.65,0.7459,-1,-1,-1
445,11,0.00,132.78,19.62,96.82,0.7180,-1,-1,-1
445,9,364.18,301.87,55.01,160.06,0.7814,-1,-1,-1
446,12,49.30,107.33,37.72,107.26,0.7459,-1,-1,-1
446,11,0.02,131.07,19.72,103.94,0.7180,-1,-1,-1
446,9,367.79,303.53,55.07,158.52,0.7814,-1,-1,-1
447,12,49.91,108.58,37.68,109.02,0.7459,-1,-1,-1
447,11,0.01,134.13,21.14,105.10,0.7180,-1,-1,-1
447,9,371.87,305.31,60.00,156.50,0.7814,-1,-1,-1
448,12,50.28,110.47,37.89,107.56,0.7459,-1,-1,-1
448,11,0.00,136.92,20.27,104.04,0.7180,-1,-1,-1
448,9,375.26,306.99,70.32,155.58,0.7814,-1,-1,-1
449,12,50.47,111.60,38.27,109.00,0.7459,-1,-1,-1
449,11,0.00,140.50,20.99,100.60,0.7180,-1,-1,-1
449,9,379.25,310.04,78.06,154.54,0.7814,-1,-1,-1