0,1,657.04,612.47,280.26,460.29,0.9057,-1,-1,-1
1,1,655.90,609.89,280.38,463.98,0.9057,-1,-1,-1
2,1,655.99,608.19,279.94,466.24,0.9057,-1,-1,-1
3,1,665.43,618.05,267.78,456.31,0.9057,-1,-1,-1
4,1,651.02,611.28,286.52,462.99,0.9057,-1,-1,-1
5,1,648.73,610.78,292.99,462.79,0.9057,-1,-1,-1
6,1,648.23,608.86,295.44,463.52,0.9057,-1,-1,-1
7,1,659.31,607.61,290.88,464.04,0.9057,-1,-1,-1
8,1,659.72,607.47,296.21,464.47,0.9057,-1,-1,-1
9,1,659.44,609.24,296.01,462.59,0.9057,-1,-1,-1
10,1,661.21,611.28,294.86,460.72,0.9057,-1,-1,-1
11,1,661.20,610.54,281.92,461.60,0.9057,-1,-1,-1
12,1,659.25,609.27,269.57,461.42,0.9057,-1,-1,-1
13,1,658.94,609.14,262.05,463.53,0.9057,-1,-1,-1
14,1,657.45,605.47,261.79,466.71,0.9057,-1,-1,-1
15,1,650.50,600.88,266.73,468.60,0.9057,-1,-1,-1
16,1,642.77,598.04,276.34,473.50,0.9057,-1,-1,-1
17,1,636.78,596.31,282.18,475.99,0.9057,-1,-1,-1
18,1,638.39,594.34,282.73,477.46,0.9057,-1,-1,-1
19,1,639.99,594.47,280.53,478.55,0.9057,-1,-1,-1
20,1,639.84,594.35,281.13,479.09,0.9057,-1,-1,-1
21,1,635.02,594.65,285.22,477.80,0.9057,-1,-1,-1
22,1,635.04,595.61,284.01,477.44,0.9057,-1,-1,-1
23,1,636.75,596.71,283.23,475.41,0.9057,-1,-1,-1
24,1,640.46,597.37,280.18,475.34,0.9057,-1,-1,-1
25,1,640.88,596.01,282.56,476.49,0.9057,-1,-1,-1
26,1,637.89,595.38,287.62,477.08,0.9057,-1,-1,-1
27,1,636.86,595.64,288.86,476.05,0.9057,-1,-1,-1
28,1,635.55,592.72,287.25,477.55,0.9057,-1,-1,-1
29,1,639.09,590.15,282.66,480.08,0.9057,-1,-1,-1
30,1,646.95,591.04,276.28,478.78,0.9057,-1,-1,-1
31,1,643.21,587.67,283.44,483.79,0.9057,-1,-1,-1
32,1,638.84,585.27,288.06,487.00,0.9057,-1,-1,-1
33,1,632.56,582.68,295.17,489.21,0.9057,-1,-1,-1
34,1,631.23,582.67,292.79,488.61,0.9057,-1,-1,-1
35,1,631.70,579.93,289.87,491.50,0.9057,-1,-1,-1
36,1,632.51,579.52,286.96,491.73,0.9057,-1,-1,-1
37,1,632.47,579.85,287.34,491.46,0.9057,-1,-1,-1
38,1,636.80,578.86,281.77,495.08,0.9057,-1,-1,-1
39,1,631.21,577.67,286.76,495.55,0.9057,-1,-1,-1
40,1,631.67,575.89,286.66,497.10,0.9057,-1,-1,-1
41,1,632.62,576.57,284.65,497.51,0.9057,-1,-1,-1
42,1,631.17,577.53,284.70,496.67,0.9057,-1,-1,-1
43,1,629.86,577.42,284.71,496.28,0.9057,-1,-1,-1
44,1,628.68,577.49,286.19,496.14,0.9057,-1,-1,-1
45,1,625.31,580.16,289.31,493.67,0.9057,-1,-1,-1
46,1,620.61,579.20,293.81,493.62,0.9057,-1,-1,-1
47,1,618.51,576.73,295.49,495.86,0.9057,-1,-1,-1
48,1,618.98,569.18,297.36,502.46,0.9057,-1,-1,-1
49,1,622.81,574.85,292.69,496.60,0.9057,-1,-1,-1
50,1,621.96,574.12,296.74,497.20,0.9057,-1,-1,-1
51,1,627.49,571.53,295.12,499.27,0.9057,-1,-1,-1
52,1,630.94,531.38,296.61,541.55,0.9057,-1,-1,-1
53,1,632.84,563.28,294.24,509.78,0.9057,-1,-1,-1
54,1,637.51,566.69,291.67,507.39,0.9057,-1,-1,-1
55,1,641.57,567.57,288.73,505.61,0.9057,-1,-1,-1
56,1,641.30,566.66,289.34,505.96,0.9057,-1,-1,-1
57,1,641.45,565.21,292.60,503.42,0.9057,-1,-1,-1
58,1,641.60,562.01,291.68,510.41,0.9057,-1,-1,-1
59,1,639.59,563.07,295.49,509.28,0.9057,-1,-1,-1
60,1,638.22,563.49,299.84,508.96,0.9057,-1,-1,-1
61,1,636.80,563.12,306.91,510.18,0.9057,-1,-1,-1
62,1,634.42,564.65,307.81,508.72,0.9057,-1,-1,-1
63,1,634.71,567.72,314.15,501.53,0.9057,-1,-1,-1
64,1,635.17,571.89,312.05,500.49,0.9057,-1,-1,-1
65,1,635.42,575.25,310.82,496.96,0.9057,-1,-1,-1
66,1,637.85,577.93,308.09,493.36,0.9057,-1,-1,-1
67,1,648.00,580.14,296.93,491.45,0.9057,-1,-1,-1
68,1,653.82,580.40,291.40,492.11,0.9057,-1,-1,-1
69,1,661.36,582.00,287.07,490.78,0.9057,-1,-1,-1
70,1,669.73,582.70,287.40,490.20,0.9057,-1,-1,-1
71,1,674.49,588.95,284.83,484.84,0.9057,-1,-1,-1
72,1,687.78,592.31,271.45,481.79,0.9057,-1,-1,-1
73,1,701.30,593.04,257.72,480.49,0.9057,-1,-1,-1
74,1,713.83,597.80,247.61,475.86,0.9057,-1,-1,-1
75,1,718.15,602.95,244.75,471.09,0.9057,-1,-1,-1
76,1,719.11,605.21,243.27,468.77,0.9057,-1,-1,-1
77,1,720.51,600.25,243.94,472.84,0.9057,-1,-1,-1
78,1,721.55,589.87,247.79,483.08,0.9057,-1,-1,-1
79,1,719.86,583.34,250.89,489.94,0.9057,-1,-1,-1
80,1,716.92,576.07,250.55,497.04,0.9057,-1,-1,-1
81,1,718.68,567.12,253.14,505.76,0.9057,-1,-1,-1
82,1,718.18,563.60,254.94,509.83,0.9057,-1,-1,-1
83,1,717.94,556.38,259.30,517.24,0.9057,-1,-1,-1
84,1,719.26,547.03,256.75,528.21,0.9057,-1,-1,-1
85,1,717.95,540.73,258.79,533.95,0.9057,-1,-1,-1
86,1,718.69,535.77,258.85,538.41,0.9057,-1,-1,-1
87,1,720.42,533.69,255.34,539.31,0.9057,-1,-1,-1
88,1,716.69,528.02,255.46,545.76,0.9057,-1,-1,-1
89,1,722.68,519.97,251.93,551.97,0.9057,-1,-1,-1
90,1,724.98,515.65,250.59,556.93,0.9057,-1,-1,-1
91,1,725.80,513.31,252.01,559.08,0.9057,-1,-1,-1
92,1,726.34,510.40,249.99,559.64,0.9057,-1,-1,-1
93,2,841.89,335.24,140.37,306.29,0.5547,-1,-1,-1
93,1,726.53,509.35,249.65,555.86,0.9057,-1,-1,-1
94,2,847.56,334.02,134.26,299.89,0.5547,-1,-1,-1
94,1,725.99,512.11,256.72,551.52,0.9057,-1,-1,-1
95,2,852.26,332.87,133.75,302.59,0.5547,-1,-1,-1
95,1,725.65,515.45,262.45,547.45,0.9057,-1,-1,-1
96,1,724.03,516.65,268.31,545.35,0.9057,-1,-1,-1
97,1,724.47,515.45,269.69,549.70,0.9057,-1,-1,-1
98,1,723.53,513.91,271.58,551.61,0.9057,-1,-1,-1
99,1,724.74,520.90,270.03,544.99,0.9057,-1,-1,-1
100,1,727.90,518.18,266.04,548.26,0.9057,-1,-1,-1
101,1,728.65,544.17,257.35,521.22,0.9057,-1,-1,-1
102,1,728.38,530.02,255.54,537.14,0.9057,-1,-1,-1
103,1,728.33,534.15,254.32,533.83,0.9057,-1,-1,-1
104,1,727.37,547.57,252.37,520.64,0.9057,-1,-1,-1
105,1,728.73,549.09,251.44,520.49,0.9057,-1,-1,-1
106,1,727.68,550.35,252.07,518.14,0.9057,-1,-1,-1
107,1,728.14,546.27,249.89,522.53,0.9057,-1,-1,-1
108,1,728.20,541.10,248.22,528.74,0.9057,-1,-1,-1
109,1,729.78,540.75,243.94,527.49,0.9057,-1,-1,-1
110,1,730.69,533.40,241.90,533.18,0.9057,-1,-1,-1
111,1,732.25,524.75,239.04,540.03,0.9057,-1,-1,-1
112,1,731.33,514.01,240.19,549.34,0.9057,-1,-1,-1
113,1,729.96,505.57,243.78,555.57,0.9057,-1,-1,-1
114,1,729.48,500.14,248.13,559.63,0.9057,-1,-1,-1
115,1,727.13,494.97,254.88,564.25,0.9057,-1,-1,-1
116,1,726.27,489.76,255.70,568.07,0.9057,-1,-1,-1
117,1,725.38,486.06,258.89,572.03,0.9057,-1,-1,-1
118,1,723.87,477.38,257.38,577.84,0.9057,-1,-1,-1
119,1,724.39,467.76,257.43,586.32,0.9057,-1,-1,-1
120,1,722.77,464.62,254.45,585.44,0.9057,-1,-1,-1
121,1,722.94,462.39,249.88,590.66,0.9057,-1,-1,-1
122,1,722.53,471.51,241.98,577.37,0.9057,-1,-1,-1
123,1,722.33,469.30,239.63,579.64,0.9057,-1,-1,-1
124,1,721.69,471.64,241.14,576.69,0.9057,-1,-1,-1
125,1,719.79,471.46,241.36,578.40,0.9057,-1,-1,-1
126,1,716.36,470.47,243.68,581.92,0.9057,-1,-1,-1
127,1,716.26,469.90,242.57,583.52,0.9057,-1,-1,-1
128,1,716.55,472.40,241.78,581.36,0.9057,-1,-1,-1
129,1,718.32,473.34,238.54,581.43,0.9057,-1,-1,-1
130,1,716.18,473.65,237.47,582.39,0.9057,-1,-1,-1
131,1,715.96,466.63,234.72,589.11,0.9057,-1,-1,-1
132,1,715.31,463.57,231.93,591.57,0.9057,-1,-1,-1
133,1,714.12,462.43,224.25,593.02,0.9057,-1,-1,-1
134,1,712.81,455.84,221.20,599.46,0.9057,-1,-1,-1
135,1,710.02,459.25,222.13,595.98,0.9057,-1,-1,-1
136,1,709.34,461.37,222.65,593.07,0.9057,-1,-1,-1
137,1,706.75,455.92,225.41,600.37,0.9057,-1,-1,-1
138,1,705.13,460.80,233.06,596.92,0.9057,-1,-1,-1
139,1,701.44,461.17,236.79,597.35,0.9057,-1,-1,-1
140,1,698.26,462.38,236.24,598.17,0.9057,-1,-1,-1
141,1,695.90,460.85,238.54,601.41,0.9057,-1,-1,-1
142,1,691.77,457.31,243.15,606.55,0.9057,-1,-1,-1
143,1,689.55,460.71,241.73,604.39,0.9057,-1,-1,-1
144,1,683.57,453.84,242.53,614.00,0.9057,-1,-1,-1
145,1,681.66,462.37,240.03,605.30,0.9057,-1,-1,-1
146,1,683.37,469.18,229.26,599.96,0.9057,-1,-1,-1
147,1,680.67,480.07,222.63,593.33,0.9057,-1,-1,-1
148,1,677.00,496.04,222.81,579.23,0.9057,-1,-1,-1