4,1,784.43,538.45,319.29,524.81,0.8226,-1,-1,-1
4,4,1657.03,459.59,41.25,43.08,0.3756,-1,-1,-1
5,1,786.11,540.25,317.62,521.39,0.8143,-1,-1,-1
5,4,1660.17,458.00,42.55,44.54,0.4361,-1,-1,-1
6,1,788.34,545.51,312.63,511.96,0.8369,-1,-1,-1
6,4,1663.11,457.15,42.81,44.82,1.0000,-1,-1,-1
7,1,792.39,551.05,308.38,504.14,0.8124,-1,-1,-1
7,4,1668.18,457.01,42.25,44.21,0.3616,-1,-1,-1
8,1,789.44,549.20,310.50,507.15,0.8390,-1,-1,-1
8,4,1671.47,456.27,42.38,44.34,1.0000,-1,-1,-1
9,1,787.93,544.17,313.71,511.97,0.8530,-1,-1,-1
9,4,1674.76,455.53,42.50,44.47,1.0000,-1,-1,-1
10,1,786.08,538.43,314.53,513.21,0.8816,-1,-1,-1
10,4,1678.05,454.80,42.62,44.60,1.0000,-1,-1,-1
11,1,786.94,536.63,314.53,513.57,0.8249,-1,-1,-1
11,4,1681.34,454.06,42.75,44.73,1.0000,-1,-1,-1
12,1,784.41,532.25,317.61,519.55,0.7461,-1,-1,-1
12,4,1684.63,453.32,42.87,44.86,1.0000,-1,-1,-1
13,1,786.77,531.46,315.45,516.20,0.7242,-1,-1,-1
13,4,1687.92,452.59,43.00,44.99,1.0000,-1,-1,-1
14,1,788.57,532.26,312.10,510.68,0.8093,-1,-1,-1
14,4,1691.22,451.85,43.12,45.12,1.0000,-1,-1,-1
15,1,791.37,534.69,309.14,505.26,0.8076,-1,-1,-1
15,4,1694.51,451.11,43.25,45.25,1.0000,-1,-1,-1
15,14,1775.10,1033.07,50.46,41.67,0.4028,-1,-1,-1
16,1,790.66,532.85,310.06,507.05,0.8195,-1,-1,-1
16,4,1697.80,450.38,43.37,45.38,1.0000,-1,-1,-1
16,14,1775.17,1031.95,50.41,41.80,0.3653,-1,-1,-1
17,1,790.69,529.55,311.90,510.16,0.8218,-1,-1,-1
17,4,1701.09,449.64,43.49,45.51,1.0000,-1,-1,-1
17,14,1775.47,1030.90,50.16,41.86,0.4416,-1,-1,-1
18,1,786.91,517.66,316.68,518.80,0.7941,-1,-1,-1
18,4,1704.38,448.90,43.62,45.64,1.0000,-1,-1,-1
18,14,1776.52,1029.83,49.43,41.40,0.3441,-1,-1,-1
19,1,790.48,522.48,311.95,511.37,0.8094,-1,-1,-1
19,4,1707.67,448.17,43.74,45.77,1.0000,-1,-1,-1
19,14,1776.55,1028.99,49.46,41.43,1.0000,-1,-1,-1
20,1,792.48,524.52,308.66,505.46,0.7635,-1,-1,-1
20,4,1710.96,447.43,43.87,45.90,1.0000,-1,-1,-1
20,14,1776.57,1028.14,49.50,41.46,1.0000,-1,-1,-1
21,1,792.32,519.94,310.85,508.50,0.7328,-1,-1,-1
21,4,1714.25,446.69,43.99,46.03,1.0000,-1,-1,-1
21,14,1776.60,1027.29,49.54,41.49,1.0000,-1,-1,-1
22,1,792.18,516.67,312.90,511.75,0.8143,-1,-1,-1
22,4,1717.54,445.96,44.11,46.16,1.0000,-1,-1,-1
22,14,1776.62,1026.45,49.58,41.52,1.0000,-1,-1,-1
23,1,794.42,519.36,311.14,508.47,0.7390,-1,-1,-1
23,4,1720.83,445.22,44.24,46.29,1.0000,-1,-1,-1
23,14,1776.65,1025.60,49.61,41.55,1.0000,-1,-1,-1
24,1,794.88,519.45,311.31,508.50,0.7772,-1,-1,-1
24,4,1724.13,444.48,44.36,46.42,1.0000,-1,-1,-1
24,14,1776.67,1024.75,49.65,41.59,1.0000,-1,-1,-1
25,1,794.10,515.43,312.48,509.53,0.6788,-1,-1,-1
25,4,1727.42,443.75,44.49,46.55,1.0000,-1,-1,-1
25,14,1776.70,1023.91,49.69,41.62,1.0000,-1,-1,-1
25,28,1148.86,295.87,37.42,61.36,0.4295,-1,-1,-1
26,1,768.87,436.23,355.66,586.96,0.7271,-1,-1,-1
26,4,1730.71,443.01,44.61,46.68,1.0000,-1,-1,-1
26,14,1776.73,1023.06,49.73,41.65,1.0000,-1,-1,-1
26,28,1148.53,312.35,36.93,60.55,1.0000,-1,-1,-1
27,1,774.06,446.96,347.21,575.19,0.7249,-1,-1,-1
27,4,1734.00,442.27,44.74,46.81,1.0000,-1,-1,-1
27,14,1776.75,1022.22,49.76,41.68,1.0000,-1,-1,-1
27,28,1148.20,328.84,36.44,59.75,1.0000,-1,-1,-1
28,1,785.00,473.64,330.19,545.18,0.7891,-1,-1,-1
28,4,1737.29,441.54,44.86,46.94,1.0000,-1,-1,-1
28,14,1776.78,1021.37,49.80,41.71,1.0000,-1,-1,-1
28,28,1147.86,345.32,35.96,58.95,1.0000,-1,-1,-1
29,1,793.32,488.67,320.40,526.65,0.8135,-1,-1,-1
29,4,1740.58,440.80,44.98,47.07,1.0000,-1,-1,-1
29,14,1776.80,1020.52,49.84,41.74,1.0000,-1,-1,-1
29,28,1147.53,361.80,35.47,58.15,1.0000,-1,-1,-1
29,33,1357.98,287.47,39.70,41.13,0.5384,-1,-1,-1
30,1,799.32,497.58,314.57,515.20,0.7361,-1,-1,-1
30,4,1743.87,440.07,45.11,47.20,1.0000,-1,-1,-1
30,14,1776.83,1019.68,49.88,41.77,1.0000,-1,-1,-1
30,28,1147.20,378.28,34.98,57.34,1.0000,-1,-1,-1
30,33,1359.54,285.27,39.43,40.61,0.5455,-1,-1,-1
31,1,806.41,502.27,311.37,509.39,0.6547,-1,-1,-1
31,4,1747.16,439.33,45.23,47.33,1.0000,-1,-1,-1
31,14,1776.85,1018.83,49.91,41.81,1.0000,-1,-1,-1
31,28,1146.86,394.76,34.49,56.54,1.0000,-1,-1,-1
31,33,1361.07,282.19,39.90,40.83,0.4769,-1,-1,-1
32,1,813.76,507.45,307.20,502.88,0.6599,-1,-1,-1
32,4,1750.45,438.59,45.36,47.46,1.0000,-1,-1,-1
32,14,1776.88,1017.98,49.95,41.84,1.0000,-1,-1,-1
32,28,1146.53,411.25,34.00,55.74,1.0000,-1,-1,-1
32,33,1362.72,279.81,40.14,40.93,0.4805,-1,-1,-1
33,1,817.02,509.47,305.28,498.42,0.5187,-1,-1,-1
33,4,1753.74,437.86,45.48,47.59,1.0000,-1,-1,-1
33,14,1776.90,1017.14,49.99,41.87,1.0000,-1,-1,-1
33,28,1146.20,427.73,33.51,54.93,1.0000,-1,-1,-1
33,33,1364.00,277.09,39.61,40.30,0.4885,-1,-1,-1
34,1,817.60,508.31,305.49,497.78,0.4631,-1,-1,-1
34,4,1757.10,483.87,44.27,46.04,0.3117,-1,-1,-1
34,14,1776.93,1016.29,50.03,41.90,1.0000,-1,-1,-1
34,28,1145.86,444.21,33.02,54.13,1.0000,-1,-1,-1
34,33,1365.08,274.63,40.37,40.91,0.5180,-1,-1,-1
35,1,814.87,500.03,309.77,504.15,0.6111,-1,-1,-1
35,4,1760.40,485.00,44.33,46.10,1.0000,-1,-1,-1
35,14,1776.95,1015.45,50.06,41.93,1.0000,-1,-1,-1
35,28,1145.53,460.69,32.53,53.33,1.0000,-1,-1,-1
35,33,1366.03,272.22,40.95,41.38,0.5440,-1,-1,-1
36,1,814.05,495.59,313.42,509.48,0.6350,-1,-1,-1
36,4,1763.70,486.12,44.39,46.16,1.0000,-1,-1,-1
36,14,1717.23,1031.27,47.75,40.42,0.5160,-1,-1,-1
36,28,1145.20,477.17,32.04,52.53,1.0000,-1,-1,-1
36,33,1366.96,269.79,41.29,41.60,0.5355,-1,-1,-1
37,1,812.16,493.14,315.20,510.61,0.5770,-1,-1,-1
37,4,1766.99,487.24,44.46,46.22,1.0000,-1,-1,-1
37,14,1717.94,1030.44,49.06,42.13,0.4837,-1,-1,-1
37,28,1144.86,493.66,31.55,51.72,1.0000,-1,-1,-1
37,33,1368.48,267.53,41.89,42.22,0.5122,-1,-1,-1
38,1,810.26,486.27,320.15,518.00,0.6991,-1,-1,-1
38,4,1770.29,488.36,44.52,46.29,1.0000,-1,-1,-1
38,14,1721.22,1030.12,50.10,43.24,0.5327,-1,-1,-1
38,28,1144.53,510.14,31.06,50.92,1.0000,-1,-1,-1
38,33,1370.73,266.51,40.88,41.15,0.4828,-1,-1,-1
39,1,810.95,481.35,322.63,522.22,0.6315,-1,-1,-1
39,4,1773.59,489.48,44.58,46.35,1.0000,-1,-1,-1
39,14,1723.70,1029.51,50.19,43.68,0.5081,-1,-1,-1
39,28,1144.20,526.62,30.57,50.12,1.0000,-1,-1,-1
39,33,1371.68,264.41,40.18,40.53,0.3385,-1,-1,-1
40,1,814.73,486.22,318.70,515.01,0.5748,-1,-1,-1
40,4,1776.89,490.60,44.64,46.41,1.0000,-1,-1,-1
40,14,1727.93,1029.37,48.80,42.69,0.4882,-1,-1,-1
40,28,1143.86,543.10,30.08,49.31,1.0000,-1,-1,-1
40,33,1373.23,262.20,40.09,40.43,1.0000,-1,-1,-1
41,1,782.02,394.28,368.33,602.94,0.7642,-1,-1,-1
41,4,1780.19,491.72,44.70,46.48,1.0000,-1,-1,-1
41,14,1732.28,1028.83,47.17,41.59,0.4961,-1,-1,-1
41,28,1143.53,559.58,29.59,48.51,1.0000,-1,-1,-1
41,33,1374.78,259.99,39.99,40.34,1.0000,-1,-1,-1
42,1,779.21,359.99,381.71,635.50,0.7095,-1,-1,-1
42,4,1788.19,503.80,43.10,44.87,0.3277,-1,-1,-1
42,14,1735.91,1028.22,46.60,41.17,0.4684,-1,-1,-1
42,28,1143.20,576.07,29.10,47.71,1.0000,-1,-1,-1
42,33,1376.32,257.77,39.90,40.24,1.0000,-1,-1,-1
43,1,779.14,350.87,382.06,644.31,0.6660,-1,-1,-1
43,4,1791.75,507.27,41.86,43.30,0.3054,-1,-1,-1
43,14,1739.21,1026.54,47.09,41.45,0.4780,-1,-1,-1
43,28,1142.86,592.55,28.61,46.90,1.0000,-1,-1,-1
43,33,1377.87,255.56,39.81,40.15,1.0000,-1,-1,-1
44,1,800.94,403.41,348.45,589.53,0.6972,-1,-1,-1
44,4,1795.44,509.45,41.63,43.06,1.0000,-1,-1,-1
44,14,1741.84,1025.31,49.22,43.17,0.4056,-1,-1,-1
44,28,1142.53,609.03,28.12,46.10,1.0000,-1,-1,-1
44,33,1379.41,253.35,39.71,40.06,1.0000,-1,-1,-1
45,1,789.83,367.96,364.53,623.98,0.7632,-1,-1,-1
45,4,1799.13,511.63,41.40,42.83,1.0000,-1,-1,-1
45,14,1746.66,1023.34,50.07,44.38,0.3233,-1,-1,-1
45,28,1142.20,625.51,27.63,45.30,1.0000,-1,-1,-1
45,33,1380.96,251.14,39.62,39.96,1.0000,-1,-1,-1
46,1,787.54,355.76,366.41,632.62,0.8046,-1,-1,-1
46,4,1802.82,513.81,41.18,42.60,1.0000,-1,-1,-1
46,14,1751.95,1022.30,49.06,43.74,0.3387,-1,-1,-1
46,28,1141.86,641.99,27.14,44.50,1.0000,-1,-1,-1
46,33,1383.71,251.82,42.32,42.94,0.3255,-1,-1,-1
47,1,786.30,353.15,364.14,632.15,0.7267,-1,-1,-1
47,4,1806.51,515.99,40.95,42.36,1.0000,-1,-1,-1
47,14,1756.38,1020.38,49.82,44.98,0.3836,-1,-1,-1
47,28,1141.53,658.48,26.65,43.69,1.0000,-1,-1,-1
47,33,1385.35,249.85,42.48,43.10,1.0000,-1,-1,-1
48,1,799.82,355.04,357.26,627.91,0.7139,-1,-1,-1
48,4,1810.20,518.18,40.73,42.13,1.0000,-1,-1,-1
48,14,1760.66,1018.31,49.57,45.29,0.3466,-1,-1,-1
48,28,1141.19,674.96,26.16,42.89,1.0000,-1,-1,-1
48,33,1387.03,249.35,41.60,42.03,0.3495,-1,-1,-1
49,1,804.71,352.14,354.15,629.48,0.7949,-1,-1,-1
49,4,1813.88,520.36,40.50,41.89,1.0000,-1,-1,-1
49,14,1762.38,1017.78,49.24,45.48,0.3423,-1,-1,-1
49,28,1140.86,691.44,25.67,42.09,1.0000,-1,-1,-1
49,33,1387.37,249.00,41.70,42.02,0.3451,-1,-1,-1
50,1,805.25,352.57,350.50,628.04,0.7702,-1,-1,-1
50,4,1817.57,522.54,40.27,41.66,1.0000,-1,-1,-1
50,14,1764.40,1016.86,49.56,45.77,1.0000,-1,-1,-1
50,28,1140.53,707.92,25.18,41.28,1.0000,-1,-1,-1
50,33,1388.23,248.38,41.74,41.94,0.3884,-1,-1,-1
51,1,817.01,378.76,332.90,598.76,0.7035,-1,-1,-1
51,4,1821.26,524.72,40.05,41.43,1.0000,-1,-1,-1
51,14,1766.42,1015.94,49.88,46.06,1.0000,-1,-1,-1
51,28,1140.19,724.40,24.69,40.48,1.0000,-1,-1,-1
51,33,1388.55,247.39,42.56,42.61,0.4006,-1,-1,-1
52,1,815.39,367.07,334.87,605.91,0.6385,-1,-1,-1
52,4,1824.95,526.90,39.82,41.19,1.0000,-1,-1,-1
52,14,1768.44,1015.02,50.19,46.36,1.0000,-1,-1,-1
52,28,1139.86,740.89,24.20,39.68,1.0000,-1,-1,-1
52,33,1389.44,246.33,43.21,43.17,0.4102,-1,-1,-1
53,1,822.34,379.02,326.21,592.69,0.6915,-1,-1,-1
53,4,1828.64,529.09,39.59,40.96,1.0000,-1,-1,-1
53,14,1770.46,1014.10,50.51,46.65,1.0000,-1,-1,-1
53,28,1139.53,757.37,23.71,38.88,1.0000,-1,-1,-1
53,33,1390.79,245.96,43.80,43.78,0.4461,-1,-1,-1
54,1,808.64,366.85,334.27,605.96,0.6791,-1,-1,-1
54,4,1832.33,531.27,39.37,40.72,1.0000,-1,-1,-1
54,14,1772.48,1013.19,50.83,46.94,1.0000,-1,-1,-1
54,28,1139.19,773.85,23.22,38.07,1.0000,-1,-1,-1
54,33,1393.24,246.16,43.19,43.20,0.4293,-1,-1,-1
55,1,814.80,365.74,331.58,605.08,0.7141,-1,-1,-1
55,4,1836.02,533.45,39.14,40.49,1.0000,-1,-1,-1
55,14,1774.49,1012.27,51.14,47.23,1.0000,-1,-1,-1
55,28,1138.86,790.33,22.73,37.27,1.0000,-1,-1,-1
55,33,1395.98,245.92,41.97,41.90,0.4675,-1,-1,-1
56,1,820.84,362.16,330.04,609.65,0.5083,-1,-1,-1
56,4,1839.70,535.63,38.92,40.26,1.0000,-1,-1,-1
56,14,1776.51,1011.35,51.46,47.53,1.0000,-1,-1,-1
56,28,1138.53,806.81,22.24,36.47,1.0000,-1,-1,-1
56,33,1398.51,245.88,40.48,40.46,0.4316,-1,-1,-1
57,1,834.54,373.19,319.20,594.77,0.4884,-1,-1,-1
57,4,1843.39,537.81,38.69,40.02,1.0000,-1,-1,-1
57,14,1778.53,1010.43,51.78,47.82,1.0000,-1,-1,-1
57,28,1138.19,823.30,21.75,35.66,1.0000,-1,-1,-1
57,33,1401.11,246.13,39.01,39.02,0.3698,-1,-1,-1
58,1,840.21,381.31,311.93,584.82,0.5584,-1,-1,-1
58,4,1847.08,539.99,38.46,39.79,1.0000,-1,-1,-1
58,14,1780.55,1009.51,52.09,48.11,1.0000,-1,-1,-1
58,28,1137.86,839.78,21.26,34.86,1.0000,-1,-1,-1
58,33,1403.44,246.42,37.91,38.03,0.3526,-1,-1,-1
59,1,843.01,367.92,317.23,601.45,0.6604,-1,-1,-1
59,4,1850.77,542.18,38.24,39.55,1.0000,-1,-1,-1
59,14,1782.57,1008.59,52.41,48.40,1.0000,-1,-1,-1
59,28,1137.53,856.26,20.77,34.06,1.0000,-1,-1,-1
59,33,1404.73,245.74,38.69,39.15,0.4361,-1,-1,-1
60,1,835.55,358.22,319.68,608.87,0.5054,-1,-1,-1
60,4,1854.46,544.36,38.01,39.32,1.0000,-1,-1,-1
60,14,1802.37,1006.98,46.54,42.74,0.3500,-1,-1,-1
60,28,1137.19,872.74,20.28,33.26,1.0000,-1,-1,-1
60,33,1406.35,245.17,39.36,40.04,0.4121,-1,-1,-1
61,1,818.55,352.67,323.87,614.19,0.5144,-1,-1,-1
61,4,1858.15,546.54,37.78,39.08,1.0000,-1,-1,-1
61,14,1805.59,1006.01,46.43,42.63,1.0000,-1,-1,-1
61,28,1136.86,889.22,19.79,32.45,1.0000,-1,-1,-1
61,33,1408.11,245.48,39.48,40.32,0.4015,-1,-1,-1
62,1,811.85,354.91,323.48,611.09,0.6327,-1,-1,-1
62,4,1861.83,548.72,37.56,38.85,1.0000,-1,-1,-1
62,14,1808.76,1004.09,46.94,43.29,0.3030,-1,-1,-1
62,28,1136.53,905.71,19.30,31.65,1.0000,-1,-1,-1
62,33,1409.63,245.73,39.31,40.18,0.4101,-1,-1,-1
63,1,833.56,384.26,304.89,576.93,0.6952,-1,-1,-1
63,4,1865.52,550.90,37.33,38.62,1.0000,-1,-1,-1
63,14,1811.96,1003.03,46.91,43.26,1.0000,-1,-1,-1
63,28,1136.19,922.19,18.81,30.85,1.0000,-1,-1,-1
63,33,1410.89,246.09,39.44,40.14,0.4531,-1,-1,-1
64,1,844.79,390.49,298.35,570.31,0.5988,-1,-1,-1
64,4,1869.21,553.09,37.10,38.38,1.0000,-1,-1,-1
64,14,1815.16,1001.96,46.89,43.24,1.0000,-1,-1,-1
64,28,1135.86,938.67,18.33,30.04,1.0000,-1,-1,-1
64,33,1412.16,246.32,40.19,40.84,0.4331,-1,-1,-1
64,81,878.47,1027.51,36.62,44.08,0.4409,-1,-1,-1
65,1,843.26,367.26,304.99,592.78,0.7862,-1,-1,-1
65,4,1872.90,555.27,36.88,38.15,1.0000,-1,-1,-1
65,14,1818.37,1000.90,46.86,43.21,1.0000,-1,-1,-1
65,28,1135.53,955.15,17.84,29.24,1.0000,-1,-1,-1
65,33,1413.33,246.94,40.71,41.41,0.3079,-1,-1,-1
65,81,878.29,1027.03,36.44,44.07,0.3837,-1,-1,-1
66,1,843.91,357.08,307.45,605.68,0.5587,-1,-1,-1
66,4,1876.59,557.45,36.65,37.91,1.0000,-1,-1,-1
66,14,1821.57,999.83,46.83,43.19,1.0000,-1,-1,-1
66,28,1135.19,971.63,17.35,28.44,1.0000,-1,-1,-1
66,33,1414.89,246.73,40.79,41.50,1.0000,-1,-1,-1
66,81,877.70,1026.26,36.35,44.16,0.3915,-1,-1,-1
67,1,845.81,367.67,298.24,593.73,0.6186,-1,-1,-1
67,4,1880.28,559.63,36.43,37.68,1.0000,-1,-1,-1
67,14,1824.77,998.76,46.80,43.16,1.0000,-1,-1,-1
67,28,1134.86,988.12,16.86,27.64,1.0000,-1,-1,-1
67,33,1416.46,246.52,40.88,41.58,1.0000,-1,-1,-1
67,81,877.16,1025.39,36.66,44.53,1.0000,-1,-1,-1
68,1,845.35,369.73,295.09,593.95,0.5905,-1,-1,-1
68,4,1883.96,561.81,36.20,37.45,1.0000,-1,-1,-1
68,14,1827.97,997.70,46.78,43.13,1.0000,-1,-1,-1
68,28,1134.53,1004.60,16.37,26.83,1.0000,-1,-1,-1
68,33,1418.02,246.31,40.96,41.67,1.0000,-1,-1,-1
68,81,876.62,1024.53,36.96,44.90,1.0000,-1,-1,-1
69,1,840.57,352.36,300.17,611.52,0.5921,-1,-1,-1
69,4,1887.65,563.99,35.97,37.21,1.0000,-1,-1,-1
69,14,1831.18,996.63,46.75,43.11,1.0000,-1,-1,-1
69,28,1134.19,1021.08,15.88,26.03,1.0000,-1,-1,-1
69,33,1419.58,246.11,41.05,41.76,1.0000,-1,-1,-1
69,81,876.08,1023.66,37.26,45.27,1.0000,-1,-1,-1
69,84,539.53,978.19,39.99,41.57,0.3998,-1,-1,-1
70,1,823.83,339.25,308.79,628.03,0.5994,-1,-1,-1
70,4,1891.34,566.18,35.75,36.98,1.0000,-1,-1,-1
70,14,1834.38,995.56,46.72,43.08,1.0000,-1,-1,-1
70,28,1133.86,1037.56,15.39,25.23,1.0000,-1,-1,-1
70,33,1421.15,245.90,41.13,41.84,1.0000,-1,-1,-1
70,81,875.55,1022.79,37.57,45.64,1.0000,-1,-1,-1
70,84,536.05,977.05,40.09,41.49,0.3818,-1,-1,-1
70,86,788.43,1044.22,28.54,23.17,0.3980,-1,-1,-1
71,1,830.55,335.45,309.03,634.81,0.6772,-1,-1,-1
71,4,1895.03,568.36,35.52,36.74,1.0000,-1,-1,-1
71,14,1838.16,998.17,50.13,46.09,0.3029,-1,-1,-1
71,28,1133.52,1054.05,14.90,24.42,1.0000,-1,-1,-1
71,33,1422.71,245.69,41.22,41.93,1.0000,-1,-1,-1
71,81,875.01,1021.93,37.87,46.01,1.0000,-1,-1,-1
71,84,531.38,976.77,39.22,40.39,0.4713,-1,-1,-1
71,86,788.68,1044.11,28.26,22.90,0.3992,-1,-1,-1
72,1,836.43,333.77,306.70,637.41,0.7756,-1,-1,-1
72,4,1898.72,570.54,35.29,36.51,1.0000,-1,-1,-1
72,14,1841.55,997.55,49.54,45.30,0.3299,-1,-1,-1
72,28,1133.19,1070.53,14.41,23.62,1.0000,-1,-1,-1
72,33,1424.27,245.48,41.30,42.02,1.0000,-1,-1,-1
72,81,874.10,1023.16,36.16,43.31,0.3097,-1,-1,-1
72,84,527.03,975.59,39.36,40.32,0.4843,-1,-1,-1
72,86,788.23,1043.38,28.72,23.31,0.4986,-1,-1,-1
73,1,839.51,333.22,303.64,638.11,0.7743,-1,-1,-1
73,4,1902.41,572.72,35.07,36.28,1.0000,-1,-1,-1
73,14,1842.62,997.33,49.50,45.10,0.3374,-1,-1,-1
73,28,1132.86,1087.01,13.92,22.82,1.0000,-1,-1,-1
73,33,1425.84,245.27,41.38,42.10,1.0000,-1,-1,-1
73,81,873.74,1023.09,36.45,43.15,0.3149,-1,-1,-1
73,84,525.51,975.17,39.63,40.39,0.4866,-1,-1,-1
73,86,788.11,1043.20,28.77,23.39,0.5080,-1,-1,-1
74,1,843.70,337.99,295.68,629.21,0.7961,-1,-1,-1
74,4,1906.10,574.90,34.84,36.04,1.0000,-1,-1,-1
74,14,1847.22,997.79,48.94,44.52,0.4072,-1,-1,-1
74,28,1132.52,1103.49,13.43,22.02,1.0000,-1,-1,-1
74,33,1427.40,245.07,41.47,42.19,1.0000,-1,-1,-1
74,81,873.52,1022.87,36.59,42.83,0.3880,-1,-1,-1
74,84,522.66,974.33,39.32,40.07,1.0000,-1,-1,-1
74,86,787.96,1042.52,29.08,23.68,0.4962,-1,-1,-1
75,1,846.51,340.45,291.95,626.45,0.7251,-1,-1,-1
75,4,1909.78,577.09,34.62,35.81,1.0000,-1,-1,-1
75,14,1849.94,997.22,48.93,44.63,0.4016,-1,-1,-1
75,28,1132.19,1119.97,12.94,21.21,1.0000,-1,-1,-1
75,33,1428.96,244.86,41.55,42.27,1.0000,-1,-1,-1
75,81,872.08,1022.58,36.84,42.27,0.3876,-1,-1,-1
75,84,520.32,974.65,38.99,39.38,0.3657,-1,-1,-1
75,86,787.96,1041.44,29.50,24.02,0.4701,-1,-1,-1
76,1,850.29,338.22,290.25,627.36,0.7650,-1,-1,-1
76,4,1913.47,579.27,34.39,35.57,1.0000,-1,-1,-1
76,14,1853.14,996.29,48.30,44.50,0.3407,-1,-1,-1
76,28,1131.86,1136.46,12.45,20.41,1.0000,-1,-1,-1
76,33,1430.53,244.65,41.64,42.36,1.0000,-1,-1,-1
76,81,870.74,1021.76,37.83,42.76,0.3164,-1,-1,-1
76,84,516.33,974.12,38.45,38.67,0.3101,-1,-1,-1
76,86,787.90,1040.67,29.60,24.09,0.4288,-1,-1,-1
76,91,494.96,1065.98,32.69,14.02,0.3195,-1,-1,-1
77,1,852.16,338.02,288.05,626.23,0.7935,-1,-1,-1
77,4,1917.16,581.45,34.16,35.34,1.0000,-1,-1,-1
77,14,1857.07,996.95,46.78,43.45,0.4940,-1,-1,-1
77,28,1131.52,1152.94,11.96,19.61,1.0000,-1,-1,-1
77,33,1432.09,244.44,41.72,42.45,1.0000,-1,-1,-1
77,81,869.88,1020.43,37.77,42.00,0.4448,-1,-1,-1
77,84,513.71,974.05,38.03,37.82,0.3204,-1,-1,-1
77,86,788.31,1040.39,29.21,23.87,0.5032,-1,-1,-1
77,91,494.83,1065.74,33.05,14.26,0.3504,-1,-1,-1
78,1,851.56,333.98,288.72,630.74,0.7373,-1,-1,-1
78,4,1920.85,583.63,33.94,35.11,1.0000,-1,-1,-1
78,14,1860.09,996.27,46.39,43.44,0.5978,-1,-1,-1
78,28,1131.19,1169.42,11.47,18.80,1.0000,-1,-1,-1
78,33,1433.65,244.23,41.81,42.53,1.0000,-1,-1,-1
78,81,869.38,1019.99,38.10,41.84,0.4895,-1,-1,-1
78,84,511.86,973.61,37.60,36.78,0.4134,-1,-1,-1
78,86,788.28,1039.25,29.86,24.63,0.5063,-1,-1,-1
78,91,493.63,1064.61,35.34,15.39,0.4241,-1,-1,-1
79,1,854.89,335.83,284.63,625.03,0.7464,-1,-1,-1
79,4,1924.54,585.81,33.71,34.87,1.0000,-1,-1,-1
79,14,1862.71,995.15,47.55,44.91,0.5188,-1,-1,-1
79,28,1130.86,1185.90,10.98,18.00,1.0000,-1,-1,-1
79,33,1435.22,244.03,41.89,42.62,1.0000,-1,-1,-1
79,81,868.97,1019.93,38.23,41.36,0.4185,-1,-1,-1
79,84,509.20,973.04,37.04,36.23,1.0000,-1,-1,-1
79,86,788.40,1038.20,29.87,24.74,0.4724,-1,-1,-1
79,91,492.42,1063.14,38.27,16.86,0.4301,-1,-1,-1
80,1,858.28,338.19,280.53,619.90,0.7572,-1,-1,-1
80,4,1928.23,588.00,33.48,34.64,1.0000,-1,-1,-1
80,14,1868.03,995.31,47.58,45.28,0.5319,-1,-1,-1
80,28,1130.52,1202.38,10.49,17.20,1.0000,-1,-1,-1
80,33,1439.74,264.74,39.90,41.15,0.3005,-1,-1,-1
80,81,869.27,1019.97,37.42,39.81,0.3913,-1,-1,-1
80,84,506.54,972.48,36.48,35.68,1.0000,-1,-1,-1
80,86,788.88,1037.96,29.04,24.05,0.4914,-1,-1,-1
80,91,492.22,1062.20,39.84,17.80,0.4005,-1,-1,-1
81,1,860.75,338.72,278.65,618.72,0.8044,-1,-1,-1
81,4,1931.91,590.18,33.26,34.40,1.0000,-1,-1,-1
81,14,1872.89,996.18,46.34,44.38,0.5177,-1,-1,-1
81,28,1130.19,1218.87,10.00,16.39,1.0000,-1,-1,-1
81,33,1441.46,265.76,39.89,41.14,1.0000,-1,-1,-1
81,81,868.91,1019.49,37.13,39.49,1.0000,-1,-1,-1
81,84,503.88,971.91,35.91,35.13,1.0000,-1,-1,-1
81,86,789.10,1037.88,28.62,23.67,0.4812,-1,-1,-1
81,91,491.96,1061.15,41.45,18.85,0.3530,-1,-1,-1
82,1,868.63,359.04,267.54,593.91,0.7443,-1,-1,-1
82,4,1935.60,592.36,33.03,34.17,1.0000,-1,-1,-1
82,14,1875.90,996.82,45.18,43.50,0.5125,-1,-1,-1
82,28,1129.86,1235.35,9.51,15.59,1.0000,-1,-1,-1
82,33,1444.71,267.76,39.23,41.13,0.3529,-1,-1,-1
82,81,867.85,1018.27,36.89,38.50,0.4075,-1,-1,-1
82,84,492.82,968.43,41.52,40.81,0.3167,-1,-1,-1
82,86,789.17,1037.96,28.06,23.12,0.4350,-1,-1,-1
82,91,492.36,1060.56,41.82,19.44,0.3677,-1,-1,-1
83,1,867.09,359.30,268.86,596.80,0.7492,-1,-1,-1
83,4,1939.29,594.54,32.80,33.93,1.0000,-1,-1,-1
83,14,1878.43,996.63,44.12,42.96,0.5315,-1,-1,-1
83,28,1129.52,1251.83,9.02,14.79,1.0000,-1,-1,-1
83,33,1446.55,268.87,39.23,41.12,1.0000,-1,-1,-1
83,81,867.17,1018.33,36.83,37.75,0.4170,-1,-1,-1
83,84,489.24,967.55,41.64,40.93,1.0000,-1,-1,-1
83,86,788.71,1036.93,28.95,23.90,0.4568,-1,-1,-1
83,91,491.79,1059.89,43.26,20.11,1.0000,-1,-1,-1
84,1,871.84,352.18,268.65,598.30,0.7904,-1,-1,-1
84,4,1942.98,596.72,32.58,33.70,1.0000,-1,-1,-1
84,14,1880.25,997.00,43.76,43.42,0.5135,-1,-1,-1
84,28,1129.19,1268.31,8.53,13.99,1.0000,-1,-1,-1
84,33,1448.39,269.98,39.22,41.12,1.0000,-1,-1,-1
84,81,866.44,1018.41,36.94,37.26,0.3688,-1,-1,-1
84,84,485.66,966.67,41.77,41.05,1.0000,-1,-1,-1
84,86,789.04,1036.17,28.85,23.79,0.4441,-1,-1,-1
84,91,491.22,1059.22,44.71,20.78,1.0000,-1,-1,-1
85,1,874.99,349.18,265.48,594.93,0.8493,-1,-1,-1
85,4,1946.67,598.90,32.35,33.47,1.0000,-1,-1,-1
85,14,1883.30,996.84,43.69,43.34,1.0000,-1,-1,-1
85,28,1128.86,1284.79,8.04,13.18,1.0000,-1,-1,-1
85,33,1450.23,271.09,39.22,41.11,1.0000,-1,-1,-1
85,81,865.88,1018.72,37.19,36.94,0.3162,-1,-1,-1
85,84,482.08,965.78,41.90,41.18,1.0000,-1,-1,-1
85,86,788.95,1035.62,29.15,23.98,0.3899,-1,-1,-1
85,91,490.64,1058.55,46.15,21.45,1.0000,-1,-1,-1
86,1,876.19,347.47,260.68,588.10,0.8485,-1,-1,-1
86,4,1950.36,601.09,32.13,33.23,1.0000,-1,-1,-1
86,14,1886.36,996.68,43.61,43.27,1.0000,-1,-1,-1
86,28,1128.52,1301.28,7.55,12.38,1.0000,-1,-1,-1
86,33,1452.08,272.20,39.21,41.10,1.0000,-1,-1,-1
86,81,865.51,1018.39,36.76,36.51,1.0000,-1,-1,-1
86,84,478.49,964.90,42.02,41.30,1.0000,-1,-1,-1
86,86,788.96,1035.04,29.22,24.04,1.0000,-1,-1,-1
86,91,490.07,1057.88,47.59,22.12,1.0000,-1,-1,-1
87,1,876.09,346.17,257.70,585.02,0.8422,-1,-1,-1
87,4,1954.04,603.27,31.90,33.00,1.0000,-1,-1,-1
87,14,1889.41,996.51,43.53,43.19,1.0000,-1,-1,-1
87,28,1128.19,1317.76,7.06,11.58,1.0000,-1,-1,-1
87,33,1453.92,273.31,39.21,41.10,1.0000,-1,-1,-1
87,81,865.14,1018.06,36.33,36.08,1.0000,-1,-1,-1
87,84,474.91,964.02,42.15,41.43,1.0000,-1,-1,-1
87,86,789.44,1035.55,28.49,23.36,0.3541,-1,-1,-1
87,91,489.49,1057.21,49.03,22.79,1.0000,-1,-1,-1
88,1,873.65,338.20,258.79,592.07,0.7672,-1,-1,-1
88,4,1957.73,605.45,31.67,32.76,1.0000,-1,-1,-1
88,14,1892.46,996.35,43.46,43.12,1.0000,-1,-1,-1
88,28,1127.86,1334.24,6.57,10.77,1.0000,-1,-1,-1
88,33,1455.76,274.43,39.20,41.09,1.0000,-1,-1,-1
88,81,864.77,1017.73,35.90,35.65,1.0000,-1,-1,-1
88,84,471.33,963.14,42.28,41.55,1.0000,-1,-1,-1
88,86,789.22,1035.61,28.34,23.02,0.3688,-1,-1,-1
88,91,488.92,1056.54,50.47,23.46,1.0000,-1,-1,-1
89,1,879.41,345.27,256.53,587.67,0.7482,-1,-1,-1
89,4,1961.42,607.63,31.45,32.53,1.0000,-1,-1,-1
89,14,1895.52,996.19,43.38,43.04,1.0000,-1,-1,-1
89,28,1127.52,1350.72,6.08,9.97,1.0000,-1,-1,-1
89,33,1457.60,275.54,39.20,41.09,1.0000,-1,-1,-1
89,81,864.40,1017.39,35.47,35.23,1.0000,-1,-1,-1
89,84,467.75,962.26,42.40,41.68,1.0000,-1,-1,-1
89,86,789.28,1035.83,28.11,22.68,0.3174,-1,-1,-1
89,91,488.34,1055.87,51.92,24.13,1.0000,-1,-1,-1
90,1,881.94,349.78,256.86,588.30,0.7620,-1,-1,-1
90,4,1965.11,609.81,31.22,32.30,1.0000,-1,-1,-1
90,14,1898.57,996.03,43.30,42.96,1.0000,-1,-1,-1
90,28,1127.19,1367.20,5.59,9.17,1.0000,-1,-1,-1
90,33,1459.44,276.65,39.19,41.08,1.0000,-1,-1,-1
90,81,864.02,1017.06,35.04,34.80,1.0000,-1,-1,-1
90,84,464.16,961.38,42.53,41.80,1.0000,-1,-1,-1
90,86,789.34,1035.49,28.00,22.60,1.0000,-1,-1,-1
90,91,487.77,1055.20,53.36,24.80,1.0000,-1,-1,-1
91,1,879.52,352.48,257.73,588.61,0.7334,-1,-1,-1
91,4,1968.80,612.00,30.99,32.06,1.0000,-1,-1,-1
91,14,1901.63,995.87,43.23,42.89,1.0000,-1,-1,-1
91,28,1126.86,1383.69,5.10,8.37,1.0000,-1,-1,-1
91,33,1461.29,277.76,39.19,41.08,1.0000,-1,-1,-1
91,81,863.65,1016.73,34.61,34.37,1.0000,-1,-1,-1
91,84,460.58,960.50,42.66,41.93,1.0000,-1,-1,-1
91,86,789.40,1035.15,27.89,22.51,1.0000,-1,-1,-1
91,91,487.19,1054.53,54.80,25.47,1.0000,-1,-1,-1
92,1,880.18,355.59,255.73,581.21,0.7662,-1,-1,-1
92,4,1972.49,614.18,30.77,31.83,1.0000,-1,-1,-1
92,14,1904.68,995.70,43.15,42.81,1.0000,-1,-1,-1
92,28,1126.52,1400.17,4.61,7.56,1.0000,-1,-1,-1
92,33,1463.13,278.87,39.18,41.07,1.0000,-1,-1,-1
92,81,863.28,1016.40,34.18,33.94,1.0000,-1,-1,-1
92,84,457.00,959.61,42.78,42.05,1.0000,-1,-1,-1
92,86,789.46,1034.82,27.79,22.42,1.0000,-1,-1,-1
92,91,486.62,1053.86,56.24,26.14,1.0000,-1,-1,-1
92,112,536.70,923.75,43.91,41.52,0.4312,-1,-1,-1
92,113,908.80,192.45,37.32,42.43,0.3433,-1,-1,-1
93,1,879.31,358.51,254.48,574.96,0.7874,-1,-1,-1
93,4,1976.18,616.36,30.54,31.59,1.0000,-1,-1,-1
93,14,1907.73,995.54,43.07,42.74,1.0000,-1,-1,-1
93,28,1126.19,1416.65,4.12,6.76,1.0000,-1,-1,-1
93,33,1464.97,279.98,39.17,41.07,1.0000,-1,-1,-1
93,81,862.91,1016.07,33.75,33.52,1.0000,-1,-1,-1
93,84,453.42,958.73,42.91,42.18,1.0000,-1,-1,-1
93,86,789.52,1034.48,27.68,22.34,1.0000,-1,-1,-1
93,91,486.04,1053.19,57.68,26.81,1.0000,-1,-1,-1
93,112,535.62,918.42,45.44,42.99,0.3955,-1,-1,-1
93,113,908.43,188.81,36.89,41.94,1.0000,-1,-1,-1
94,1,879.34,357.84,256.51,579.58,0.7437,-1,-1,-1
94,4,1979.86,618.54,30.32,31.36,1.0000,-1,-1,-1
94,14,1910.79,995.38,43.00,42.66,1.0000,-1,-1,-1
94,28,1125.86,1433.13,3.63,5.96,1.0000,-1,-1,-1
94,33,1466.81,281.10,39.17,41.06,1.0000,-1,-1,-1
94,81,862.53,1015.74,33.32,33.09,1.0000,-1,-1,-1
94,84,449.83,957.85,43.04,42.30,1.0000,-1,-1,-1
94,86,789.58,1034.15,27.57,22.25,1.0000,-1,-1,-1
94,91,485.47,1052.52,59.13,27.48,1.0000,-1,-1,-1
94,112,534.95,916.34,45.39,42.79,0.4485,-1,-1,-1
94,113,908.06,185.17,36.45,41.44,1.0000,-1,-1,-1
94,116,1156.70,107.59,35.21,36.99,0.4553,-1,-1,-1
95,1,881.51,358.33,257.12,580.74,0.8229,-1,-1,-1
95,4,1983.55,620.72,30.09,31.13,1.0000,-1,-1,-1
95,14,1913.84,995.22,42.92,42.59,1.0000,-1,-1,-1
95,28,1125.52,1449.61,3.14,5.15,1.0000,-1,-1,-1
95,33,1468.65,282.21,39.16,41.05,1.0000,-1,-1,-1
95,81,862.16,1015.41,32.89,32.66,1.0000,-1,-1,-1
95,84,446.25,956.97,43.16,42.43,1.0000,-1,-1,-1
95,86,789.64,1033.81,27.46,22.16,1.0000,-1,-1,-1
95,91,484.89,1051.85,60.57,28.15,1.0000,-1,-1,-1
95,112,533.54,914.15,45.53,42.81,0.5126,-1,-1,-1
95,113,907.70,181.54,36.02,40.95,1.0000,-1,-1,-1
95,116,1157.32,107.73,34.86,36.81,0.4336,-1,-1,-1
96,1,880.47,359.16,258.11,583.05,0.8341,-1,-1,-1
96,4,1987.24,622.90,29.86,30.89,1.0000,-1,-1,-1
96,14,1916.90,995.05,42.84,42.51,1.0000,-1,-1,-1
96,28,1125.19,1466.10,2.65,4.35,1.0000,-1,-1,-1
96,33,1470.49,283.32,39.16,41.05,1.0000,-1,-1,-1
96,81,861.79,1015.08,32.46,32.23,1.0000,-1,-1,-1
96,84,442.67,956.09,43.29,42.55,1.0000,-1,-1,-1
96,86,789.70,1033.48,27.36,22.07,1.0000,-1,-1,-1
96,91,484.32,1051.18,62.01,28.82,1.0000,-1,-1,-1
96,112,532.33,912.52,45.50,42.68,0.5359,-1,-1,-1
96,113,907.33,177.90,35.58,40.46,1.0000,-1,-1,-1
96,116,1158.06,108.06,33.82,35.87,0.3991,-1,-1,-1
97,1,881.05,355.71,258.89,584.23,0.8500,-1,-1,-1
97,4,1990.93,625.09,29.64,30.66,1.0000,-1,-1,-1
97,14,1919.95,994.89,42.77,42.43,1.0000,-1,-1,-1
97,28,1124.85,1482.58,2.16,3.55,1.0000,-1,-1,-1
97,33,1472.34,284.43,39.15,41.04,1.0000,-1,-1,-1
97,81,861.42,1014.74,32.03,31.81,1.0000,-1,-1,-1
97,84,439.09,955.21,43.42,42.67,1.0000,-1,-1,-1
97,86,789.76,1033.14,27.25,21.99,1.0000,-1,-1,-1
97,91,483.74,1050.51,63.45,29.49,1.0000,-1,-1,-1
97,112,531.88,910.54,45.74,42.56,0.4563,-1,-1,-1
97,113,906.96,174.26,35.15,39.96,1.0000,-1,-1,-1
97,116,1158.39,108.32,33.83,36.08,0.3834,-1,-1,-1
98,1,881.30,354.63,259.15,584.14,0.8490,-1,-1,-1
98,4,1994.62,627.27,29.41,30.42,1.0000,-1,-1,-1
98,14,1923.01,994.73,42.69,42.36,1.0000,-1,-1,-1
98,28,1124.52,1499.06,1.67,2.75,1.0000,-1,-1,-1
98,33,1474.18,285.54,39.15,41.04,1.0000,-1,-1,-1
98,81,861.04,1014.41,31.60,31.38,1.0000,-1,-1,-1
98,84,435.50,954.33,43.54,42.80,1.0000,-1,-1,-1
98,86,789.82,1032.80,27.14,21.90,1.0000,-1,-1,-1
98,91,483.17,1049.84,64.89,30.16,1.0000,-1,-1,-1
98,112,531.55,910.01,45.61,42.17,0.4560,-1,-1,-1
98,113,906.60,170.63,34.71,39.47,1.0000,-1,-1,-1
98,116,1158.57,108.37,33.78,36.25,0.3880,-1,-1,-1
99,1,879.36,356.38,259.20,583.72,0.8200,-1,-1,-1
99,4,1998.31,629.45,29.18,30.19,1.0000,-1,-1,-1
99,14,1926.06,994.57,42.61,42.28,1.0000,-1,-1,-1
99,28,1124.19,1515.54,1.18,1.94,1.0000,-1,-1,-1
99,33,1476.02,286.65,39.14,41.03,1.0000,-1,-1,-1
99,81,856.77,1017.90,38.43,37.55,0.3364,-1,-1,-1
99,84,431.92,953.45,43.67,42.92,1.0000,-1,-1,-1
99,86,789.88,1032.47,27.03,21.81,1.0000,-1,-1,-1
99,91,482.59,1049.16,66.33,30.84,1.0000,-1,-1,-1
99,112,530.96,908.65,45.75,42.02,0.4207,-1,-1,-1
99,113,906.23,166.99,34.28,38.97,1.0000,-1,-1,-1
99,116,1158.73,108.50,33.84,36.55,0.3375,-1,-1,-1
100,1,878.52,355.43,259.50,583.40,0.8459,-1,-1,-1
100,4,2001.99,631.63,28.96,29.95,1.0000,-1,-1,-1
100,14,1929.11,994.40,42.54,42.21,1.0000,-1,-1,-1
100,28,1123.85,1532.02,0.70,1.14,1.0000,-1,-1,-1
100,33,1477.86,287.76,39.14,41.03,1.0000,-1,-1,-1
100,81,856.18,1017.93,39.17,37.78,0.3847,-1,-1,-1
100,84,428.34,952.56,43.80,43.05,1.0000,-1,-1,-1
100,86,789.94,1032.13,26.93,21.73,1.0000,-1,-1,-1
100,91,482.02,1048.49,67.78,31.51,1.0000,-1,-1,-1
100,112,528.57,906.08,46.14,42.70,0.3315,-1,-1,-1
100,113,905.86,163.35,33.84,38.48,1.0000,-1,-1,-1
100,116,1159.15,108.47,33.85,36.57,1.0000,-1,-1,-1
100,118,1061.39,982.79,46.26,41.16,0.3115,-1,-1,-1
100,119,1543.37,928.58,56.34,51.52,0.5082,-1,-1,-1
101,1,875.44,357.45,259.20,578.67,0.8243,-1,-1,-1
101,4,2005.68,633.81,28.73,29.72,1.0000,-1,-1,-1
101,14,1932.17,994.24,42.46,42.13,1.0000,-1,-1,-1
101,28,1123.52,1548.51,0.21,0.34,1.0000,-1,-1,-1
101,33,1479.70,288.88,39.13,41.02,1.0000,-1,-1,-1
101,81,855.70,1018.40,39.28,37.44,0.3729,-1,-1,-1
101,84,424.76,951.68,43.93,43.17,1.0000,-1,-1,-1
101,86,790.01,1031.80,26.82,21.64,1.0000,-1,-1,-1
101,91,481.44,1047.82,69.22,32.18,1.0000,-1,-1,-1
101,112,527.78,903.96,45.99,42.56,1.0000,-1,-1,-1
101,113,905.50,159.72,33.41,37.98,1.0000,-1,-1,-1
101,116,1159.58,108.44,33.87,36.58,1.0000,-1,-1,-1
101,118,1061.42,982.68,46.39,41.28,1.0000,-1,-1,-1
101,119,1545.90,930.79,57.19,52.63,0.4928,-1,-1,-1
102,1,876.98,362.64,257.56,572.13,0.8450,-1,-1,-1
102,4,2009.37,636.00,28.51,29.49,1.0000,-1,-1,-1
102,14,1935.22,994.08,42.38,42.06,1.0000,-1,-1,-1
102,28,1123.19,1564.99,-0.28,-0.47,1.0000,-1,-1,-1
102,33,1481.55,289.99,39.13,41.01,1.0000,-1,-1,-1
102,81,855.11,1018.75,39.96,37.67,0.3409,-1,-1,-1
102,84,421.17,950.80,44.05,43.30,1.0000,-1,-1,-1
102,86,790.07,1031.46,26.71,21.55,1.0000,-1,-1,-1
102,91,480.87,1047.15,70.66,32.85,1.0000,-1,-1,-1
102,112,527.00,901.84,45.85,42.43,1.0000,-1,-1,-1
102,113,905.13,156.08,32.97,37.49,1.0000,-1,-1,-1
102,116,1160.00,108.41,33.88,36.60,1.0000,-1,-1,-1
102,118,1061.44,982.57,46.51,41.39,1.0000,-1,-1,-1
102,119,1547.08,933.23,56.07,51.85,0.3425,-1,-1,-1
103,1,878.99,369.00,256.09,566.76,0.8512,-1,-1,-1
103,4,2013.06,638.18,28.28,29.25,1.0000,-1,-1,-1
103,14,1938.28,993.92,42.31,41.98,1.0000,-1,-1,-1
103,28,1122.85,1581.47,-0.77,-1.27,1.0000,-1,-1,-1
103,33,1483.39,291.10,39.12,41.01,1.0000,-1,-1,-1
103,81,854.95,1019.68,39.60,36.94,0.3078,-1,-1,-1
103,84,417.59,949.92,44.18,43.42,1.0000,-1,-1,-1
103,86,790.13,1031.12,26.60,21.47,1.0000,-1,-1,-1
103,91,480.29,1046.48,72.10,33.52,1.0000,-1,-1,-1
103,112,526.21,899.71,45.70,42.29,1.0000,-1,-1,-1
103,113,904.76,152.44,32.54,36.99,1.0000,-1,-1,-1
103,116,1160.43,108.38,33.90,36.61,1.0000,-1,-1,-1
103,118,1061.47,982.46,46.64,41.50,1.0000,-1,-1,-1
103,119,1548.72,934.93,56.96,52.67,1.0000,-1,-1,-1
104,1,878.49,373.00,255.79,563.80,0.8489,-1,-1,-1
104,4,2016.75,640.36,28.05,29.02,1.0000,-1,-1,-1
104,14,1941.33,993.75,42.23,41.90,1.0000,-1,-1,-1
104,28,1122.52,1597.95,-1.26,-2.07,1.0000,-1,-1,-1
104,33,1485.23,292.21,39.11,41.00,1.0000,-1,-1,-1
104,81,853.81,1020.01,39.77,36.84,0.3240,-1,-1,-1
104,84,414.01,949.04,44.31,43.55,1.0000,-1,-1,-1
104,86,790.19,1030.79,26.50,21.38,1.0000,-1,-1,-1
104,91,479.72,1045.81,73.54,34.19,1.0000,-1,-1,-1
104,112,525.43,897.59,45.55,42.16,1.0000,-1,-1,-1
104,113,904.40,148.80,32.10,36.50,1.0000,-1,-1,-1
104,116,1160.85,108.35,33.91,36.63,1.0000,-1,-1,-1
104,118,1061.50,982.34,46.77,41.61,1.0000,-1,-1,-1
104,119,1556.88,942.74,50.88,46.73,0.3206,-1,-1,-1
105,1,877.72,371.03,256.49,564.78,0.8735,-1,-1,-1
105,4,2020.44,642.54,27.83,28.78,1.0000,-1,-1,-1
105,14,1944.38,993.59,42.15,41.83,1.0000,-1,-1,-1
105,28,1122.19,1614.43,-1.75,-2.87,1.0000,-1,-1,-1
105,33,1487.07,293.32,39.11,41.00,1.0000,-1,-1,-1
105,81,853.09,1020.19,40.02,36.84,0.3359,-1,-1,-1
105,84,410.43,948.16,44.43,43.67,1.0000,-1,-1,-1
105,86,790.25,1030.45,26.39,21.29,1.0000,-1,-1,-1
105,91,479.15,1045.14,74.99,34.86,1.0000,-1,-1,-1
105,112,524.64,895.47,45.41,42.02,1.0000,-1,-1,-1
105,113,904.03,145.17,31.67,36.01,1.0000,-1,-1,-1
105,116,1161.27,108.32,33.93,36.65,1.0000,-1,-1,-1
105,118,1061.53,982.23,46.89,41.72,1.0000,-1,-1,-1
105,119,1559.47,945.31,50.74,46.61,1.0000,-1,-1,-1
106,1,876.94,369.52,257.06,566.19,0.8801,-1,-1,-1
106,4,2024.13,644.72,27.60,28.55,1.0000,-1,-1,-1
106,14,1947.44,993.43,42.08,41.75,1.0000,-1,-1,-1
106,28,1121.85,1630.92,-2.24,-3.68,1.0000,-1,-1,-1
106,33,1483.76,340.63,40.20,41.96,0.3793,-1,-1,-1
106,81,852.41,1019.96,40.37,36.91,0.4050,-1,-1,-1
106,84,406.84,947.28,44.56,43.80,1.0000,-1,-1,-1
106,86,790.31,1030.12,26.28,21.21,1.0000,-1,-1,-1
106,91,478.57,1044.47,76.43,35.53,1.0000,-1,-1,-1
106,112,523.86,893.35,45.26,41.89,1.0000,-1,-1,-1
106,113,903.66,141.53,31.23,35.51,1.0000,-1,-1,-1
106,116,1161.70,108.29,33.94,36.66,1.0000,-1,-1,-1
106,118,1061.56,982.12,47.02,41.83,1.0000,-1,-1,-1
106,119,1562.06,947.88,50.60,46.48,1.0000,-1,-1,-1
107,1,875.25,364.45,258.69,570.27,0.8746,-1,-1,-1
107,4,2027.81,646.90,27.37,28.32,1.0000,-1,-1,-1
107,14,1950.49,993.27,42.00,41.68,1.0000,-1,-1,-1
107,28,1121.52,1647.40,-2.73,-4.48,1.0000,-1,-1,-1
107,33,1484.89,343.81,40.93,43.30,0.3571,-1,-1,-1
107,81,851.51,1019.81,40.68,37.06,0.4613,-1,-1,-1
107,84,403.26,946.39,44.69,43.92,1.0000,-1,-1,-1
107,86,790.37,1029.78,26.17,21.12,1.0000,-1,-1,-1
107,91,478.00,1043.80,77.87,36.20,1.0000,-1,-1,-1
107,112,523.07,891.23,45.12,41.75,1.0000,-1,-1,-1
107,113,903.30,137.89,30.80,35.02,1.0000,-1,-1,-1
107,116,1162.12,108.26,33.96,36.68,1.0000,-1,-1,-1
107,118,1061.59,982.01,47.14,41.95,1.0000,-1,-1,-1
107,119,1564.65,950.45,50.46,46.35,1.0000,-1,-1,-1
108,1,874.51,362.58,259.29,573.25,0.8775,-1,-1,-1
108,4,2031.50,649.09,27.15,28.08,1.0000,-1,-1,-1
108,14,1953.55,993.10,41.92,41.60,1.0000,-1,-1,-1
108,28,1121.19,1663.88,-3.22,-5.28,1.0000,-1,-1,-1
108,33,1486.43,346.94,41.08,43.47,1.0000,-1,-1,-1
108,81,850.96,1019.65,41.07,37.33,0.5171,-1,-1,-1
108,84,399.68,945.51,44.81,44.05,1.0000,-1,-1,-1
108,86,790.43,1029.45,26.07,21.03,1.0000,-1,-1,-1
108,91,477.42,1043.13,79.31,36.87,1.0000,-1,-1,-1
108,112,522.29,889.11,44.97,41.62,1.0000,-1,-1,-1
108,113,902.93,134.26,30.36,34.52,1.0000,-1,-1,-1
108,116,1162.55,108.23,33.97,36.70,1.0000,-1,-1,-1
108,118,1061.61,981.89,47.27,42.06,1.0000,-1,-1,-1
108,119,1567.24,953.02,50.32,46.22,1.0000,-1,-1,-1
109,1,873.22,360.93,258.77,574.76,0.8977,-1,-1,-1
109,4,2035.19,651.27,26.92,27.85,1.0000,-1,-1,-1
109,14,1956.60,992.94,41.85,41.53,1.0000,-1,-1,-1
109,28,1120.85,1680.36,-3.71,-6.09,1.0000,-1,-1,-1
109,33,1485.73,352.30,42.98,46.05,0.3105,-1,-1,-1
109,81,850.13,1019.44,41.51,37.81,0.4798,-1,-1,-1
109,84,396.10,944.63,44.94,44.17,1.0000,-1,-1,-1
109,86,790.49,1029.11,25.96,20.95,1.0000,-1,-1,-1
109,91,476.85,1042.46,80.75,37.54,1.0000,-1,-1,-1
109,112,521.50,886.98,44.82,41.48,1.0000,-1,-1,-1
109,113,902.56,130.62,29.93,34.03,1.0000,-1,-1,-1
109,116,1162.97,108.20,33.99,36.71,1.0000,-1,-1,-1
109,118,1064.42,985.69,43.36,38.64,0.3080,-1,-1,-1
109,119,1569.83,955.59,50.18,46.09,1.0000,-1,-1,-1
110,1,873.33,359.84,258.29,576.39,0.8979,-1,-1,-1
110,4,2038.88,653.45,26.69,27.61,1.0000,-1,-1,-1
110,14,1959.66,992.78,41.77,41.45,1.0000,-1,-1,-1
110,28,1120.52,1696.84,-4.20,-6.89,1.0000,-1,-1,-1
110,33,1487.84,357.29,41.58,44.86,0.3506,-1,-1,-1
110,81,849.80,1018.79,41.68,38.09,0.4443,-1,-1,-1
110,84,392.51,943.75,45.07,44.30,1.0000,-1,-1,-1
110,86,790.55,1028.77,25.85,20.86,1.0000,-1,-1,-1
110,91,476.27,1041.79,82.20,38.21,1.0000,-1,-1,-1
110,112,520.72,884.86,44.68,41.35,1.0000,-1,-1,-1
110,113,902.20,126.98,29.49,33.53,1.0000,-1,-1,-1
110,116,1163.40,108.17,34.00,36.73,1.0000,-1,-1,-1
110,118,1064.23,985.90,43.16,38.50,0.3323,-1,-1,-1
110,119,1572.42,958.16,50.04,45.96,1.0000,-1,-1,-1
111,1,873.20,359.11,257.11,576.70,0.8942,-1,-1,-1
111,4,2042.57,655.63,26.47,27.38,1.0000,-1,-1,-1
111,14,1962.71,992.62,41.69,41.37,1.0000,-1,-1,-1
111,28,1120.19,1713.33,-4.69,-7.69,1.0000,-1,-1,-1
111,33,1489.19,360.85,41.82,45.11,1.0000,-1,-1,-1
111,81,849.74,1018.97,41.37,37.82,0.4287,-1,-1,-1
111,84,388.93,942.87,45.19,44.42,1.0000,-1,-1,-1
111,86,790.61,1028.44,25.74,20.77,1.0000,-1,-1,-1
111,91,475.70,1041.12,83.64,38.88,1.0000,-1,-1,-1
111,112,519.93,882.74,44.53,41.21,1.0000,-1,-1,-1
111,113,901.83,123.35,29.06,33.04,1.0000,-1,-1,-1
111,116,1163.82,108.14,34.02,36.75,1.0000,-1,-1,-1
111,118,1063.87,985.92,43.30,38.69,0.3207,-1,-1,-1
111,119,1575.02,960.73,49.90,45.84,1.0000,-1,-1,-1
112,1,873.25,358.71,256.19,576.80,0.8751,-1,-1,-1
112,4,2046.26,657.81,26.24,27.15,1.0000,-1,-1,-1
112,14,1965.76,992.45,41.62,41.30,1.0000,-1,-1,-1
112,28,1119.85,1729.81,-5.18,-8.50,1.0000,-1,-1,-1
112,33,1490.53,364.41,42.05,45.37,1.0000,-1,-1,-1
112,81,849.01,1018.66,41.96,38.30,0.5055,-1,-1,-1
112,84,385.35,941.99,45.32,44.54,1.0000,-1,-1,-1
112,86,790.67,1028.10,25.64,20.69,1.0000,-1,-1,-1
112,91,475.12,1040.45,85.08,39.55,1.0000,-1,-1,-1
112,112,519.15,880.62,44.38,41.07,1.0000,-1,-1,-1
112,113,901.46,119.71,28.62,32.54,1.0000,-1,-1,-1
112,116,1164.24,108.10,34.03,36.76,1.0000,-1,-1,-1
112,118,1063.41,985.82,43.52,39.01,0.3429,-1,-1,-1
112,119,1577.61,963.30,49.76,45.71,1.0000,-1,-1,-1
112,122,539.68,598.83,42.45,46.47,0.4757,-1,-1,-1
113,1,876.77,359.44,256.03,576.05,0.8496,-1,-1,-1
113,4,2049.94,660.00,26.02,26.91,1.0000,-1,-1,-1
113,14,1968.82,992.29,41.54,41.22,1.0000,-1,-1,-1
113,28,1119.52,1746.29,-5.67,-9.30,1.0000,-1,-1,-1
113,33,1491.87,367.96,42.29,45.63,1.0000,-1,-1,-1
113,81,848.65,1018.52,42.19,38.41,0.4946,-1,-1,-1
113,84,381.77,941.11,45.45,44.67,1.0000,-1,-1,-1
113,86,790.73,1027.77,25.53,20.60,1.0000,-1,-1,-1
113,91,474.55,1039.78,86.52,40.22,1.0000,-1,-1,-1
113,112,518.36,878.50,44.24,40.94,1.0000,-1,-1,-1
113,113,901.10,116.07,28.19,32.05,1.0000,-1,-1,-1
113,116,1164.67,108.07,34.05,36.78,1.0000,-1,-1,-1
113,118,1063.52,985.79,43.53,39.03,0.3758,-1,-1,-1
113,119,1580.20,965.87,49.62,45.58,1.0000,-1,-1,-1
113,122,534.43,598.31,42.41,46.03,0.4941,-1,-1,-1