0,64773,521.93,175.42,117.79,111.12,0.8649,-1,-1,-1
0,64774,403.79,526.15,139.04,123.69,0.8588,-1,-1,-1
0,64775,1165.90,157.26,92.88,86.61,0.8578,-1,-1,-1
0,64776,485.84,634.13,184.50,159.11,0.8540,-1,-1,-1
0,64777,1145.67,287.37,125.92,123.21,0.8474,-1,-1,-1
0,64778,709.44,215.11,84.39,83.70,0.8449,-1,-1,-1
0,64779,960.59,147.05,90.53,97.36,0.8406,-1,-1,-1
0,64780,857.54,807.64,94.50,121.94,0.8343,-1,-1,-1
0,64781,518.39,375.75,120.91,140.76,0.8287,-1,-1,-1
0,64782,1633.58,302.19,141.52,108.03,0.8267,-1,-1,-1
1,64773,519.11,176.95,116.83,110.19,0.8597,-1,-1,-1
1,64774,402.70,520.60,140.52,125.00,0.7754,-1,-1,-1
1,64775,1166.69,156.49,93.77,87.45,0.8509,-1,-1,-1
1,64776,479.72,651.72,184.65,159.19,0.8561,-1,-1,-1
1,64777,1150.80,292.17,125.63,122.91,0.8784,-1,-1,-1
1,64778,708.54,218.68,84.64,83.87,0.8557,-1,-1,-1
1,64779,968.42,134.81,90.31,97.13,0.7915,-1,-1,-1
1,64780,854.02,801.18,92.84,119.72,0.8105,-1,-1,-1
1,64781,518.39,382.23,115.63,134.46,0.8292,-1,-1,-1
1,64782,1615.71,274.53,133.05,101.62,0.8437,-1,-1,-1
2,64773,514.27,175.32,117.58,110.94,0.8745,-1,-1,-1
2,64774,400.83,516.35,137.30,122.25,0.7791,-1,-1,-1
2,64775,1167.54,152.25,93.97,87.70,0.8513,-1,-1,-1
2,64776,469.86,659.48,186.03,160.31,0.8487,-1,-1,-1
2,64777,1157.01,294.57,125.05,122.33,0.8904,-1,-1,-1
2,64778,706.73,219.49,85.20,84.29,0.8669,-1,-1,-1
2,64779,972.94,115.79,93.15,100.18,0.5796,-1,-1,-1
2,64780,860.94,790.50,90.28,116.18,0.7907,-1,-1,-1
2,64781,516.32,388.05,112.26,130.27,0.8202,-1,-1,-1
2,64782,1589.19,247.05,135.57,103.91,0.8484,-1,-1,-1
2,64783,361.02,667.37,117.01,120.90,0.8572,-1,-1,-1
3,64773,512.57,176.34,119.21,112.25,0.8535,-1,-1,-1
3,64774,398.51,513.88,134.68,120.03,0.6159,-1,-1,-1
3,64775,1168.71,152.44,93.15,87.03,0.8523,-1,-1,-1
3,64776,448.57,664.74,193.97,167.63,0.8365,-1,-1,-1
3,64777,1160.33,301.45,124.78,122.00,0.8678,-1,-1,-1
3,64778,704.00,223.89,85.47,84.47,0.8639,-1,-1,-1
3,64779,980.04,104.22,89.90,96.45,0.7784,-1,-1,-1
3,64780,865.02,776.27,91.30,117.28,0.8537,-1,-1,-1
3,64781,511.27,395.94,113.23,131.11,0.8382,-1,-1,-1
3,64782,1566.69,224.06,133.15,102.24,0.9132,-1,-1,-1
3,64783,356.10,673.37,121.26,125.51,0.7397,-1,-1,-1
3,64784,599.41,612.43,83.02,73.74,0.8218,-1,-1,-1
4,64773,503.17,179.61,118.57,111.75,0.8313,-1,-1,-1
4,64774,393.56,508.11,136.64,122.08,0.6678,-1,-1,-1
4,64775,1168.16,155.12,91.84,85.87,0.8364,-1,-1,-1
4,64776,404.92,669.96,202.51,172.94,0.4862,-1,-1,-1
4,64777,1162.51,310.59,124.81,122.09,0.8519,-1,-1,-1
4,64778,701.17,229.45,84.56,83.32,0.8682,-1,-1,-1
4,64779,982.04,92.98,90.76,97.22,0.7396,-1,-1,-1
4,64780,873.08,776.89,83.00,105.32,0.8907,-1,-1,-1
4,64781,497.58,404.18,125.05,145.41,0.8280,-1,-1,-1
4,64782,1545.18,203.20,129.30,99.47,0.9026,-1,-1,-1
4,64783,356.52,682.99,116.73,121.14,0.2391,-1,-1,-1
4,64784,594.10,597.29,82.00,72.49,0.8237,-1,-1,-1
5,64773,495.45,182.34,120.90,114.03,0.8216,-1,-1,-1
5,64774,389.90,507.27,139.62,125.46,0.6720,-1,-1,-1
5,64775,1167.88,156.09,92.25,86.44,0.8212,-1,-1,-1
5,64776,395.49,678.34,208.80,178.37,0.6076,-1,-1,-1
5,64777,1165.52,317.02,126.16,123.77,0.8386,-1,-1,-1
5,64778,697.25,234.48,86.44,84.97,0.8711,-1,-1,-1
5,64779,988.46,82.47,90.10,96.51,0.7985,-1,-1,-1
5,64780,885.83,781.31,80.51,99.32,0.7216,-1,-1,-1
5,64781,492.60,414.48,124.84,145.41,0.8030,-1,-1,-1
5,64782,1531.39,185.93,126.21,96.70,0.8810,-1,-1,-1
5,64784,584.92,582.97,82.91,72.88,0.8505,-1,-1,-1
6,64773,490.32,191.73,121.04,114.66,0.8730,-1,-1,-1
6,64774,387.81,516.92,142.35,128.63,0.7885,-1,-1,-1
6,64775,1165.57,163.60,97.88,92.39,0.6745,-1,-1,-1
6,64776,375.91,693.39,212.77,180.62,0.6627,-1,-1,-1
6,64777,1169.78,333.78,124.15,122.29,0.9436,-1,-1,-1
6,64778,694.93,246.05,88.47,86.53,0.8726,-1,-1,-1
6,64779,993.46,77.10,91.81,98.58,0.8286,-1,-1,-1
6,64781,490.38,430.99,120.24,139.98,0.8755,-1,-1,-1
6,64782,1521.02,180.83,119.67,90.72,0.9075,-1,-1,-1
6,64784,577.93,578.26,80.57,69.97,0.7917,-1,-1,-1
7,64773,486.50,203.75,117.81,111.81,0.8930,-1,-1,-1
7,64774,386.86,527.18,141.36,128.42,0.6812,-1,-1,-1
7,64775,1170.10,174.80,96.00,92.23,0.4292,-1,-1,-1
7,64776,357.54,705.69,226.88,193.59,0.4699,-1,-1,-1
7,64777,1171.72,351.01,122.39,120.83,0.9391,-1,-1,-1
7,64778,689.98,258.50,89.37,87.20,0.8733,-1,-1,-1
7,64779,998.53,77.34,85.16,91.40,0.6383,-1,-1,-1
7,64781,481.00,446.34,121.70,142.09,0.7535,-1,-1,-1
7,64782,1510.15,183.12,107.84,79.94,0.7459,-1,-1,-1
7,64784,567.94,578.42,71.54,61.16,0.5929,-1,-1,-1
8,64773,478.87,211.88,116.28,110.53,0.8658,-1,-1,-1
8,64775,1167.91,184.55,91.93,89.63,0.6457,-1,-1,-1
8,64777,1170.32,366.41,122.07,121.12,0.9336,-1,-1,-1
8,64778,683.24,267.94,88.28,85.91,0.8402,-1,-1,-1
8,64782,1497.09,187.47,93.33,66.86,0.2308,-1,-1,-1
9,64773,463.68,216.84,118.09,112.20,0.8240,-1,-1,-1
9,64775,1156.74,195.58,85.76,83.30,0.6909,-1,-1,-1
9,64777,1161.69,378.54,123.10,123.36,0.9431,-1,-1,-1
9,64778,672.64,275.36,90.62,87.98,0.8544,-1,-1,-1
10,64773,448.97,224.03,120.09,113.99,0.6300,-1,-1,-1
10,64775,1146.63,199.55,85.27,83.02,0.8240,-1,-1,-1
10,64777,1156.60,389.71,121.55,123.00,0.9270,-1,-1,-1
10,64778,661.68,283.39,90.63,87.78,0.8436,-1,-1,-1
10,64774,352.66,560.73,147.82,135.53,0.8407,-1,-1,-1
11,64773,437.51,232.12,118.96,112.97,0.8261,-1,-1,-1
11,64775,1138.81,201.66,85.46,83.44,0.8011,-1,-1,-1
11,64777,1153.44,399.63,118.50,120.83,0.8999,-1,-1,-1
11,64778,651.08,290.98,90.41,87.03,0.8011,-1,-1,-1
11,64774,340.57,574.96,149.09,137.17,0.7252,-1,-1,-1
11,64776,440.61,748.25,256.14,221.25,0.8409,-1,-1,-1
11,64781,445.40,495.30,109.38,125.61,0.8799,-1,-1,-1
12,64773,425.41,239.54,120.19,114.24,0.8566,-1,-1,-1
12,64775,1131.73,205.45,84.87,83.14,0.8232,-1,-1,-1
12,64777,1149.95,408.59,117.36,120.50,0.8725,-1,-1,-1
12,64778,638.99,299.02,91.92,88.05,0.8360,-1,-1,-1
12,64774,326.41,589.97,155.30,143.99,0.5069,-1,-1,-1
12,64776,446.40,760.86,245.99,211.54,0.5340,-1,-1,-1
12,64781,433.48,508.40,112.87,128.31,0.8074,-1,-1,-1
13,64773,409.86,248.97,120.18,114.24,0.8868,-1,-1,-1
13,64775,1122.05,211.79,85.64,84.37,0.7705,-1,-1,-1
13,64777,1145.94,418.72,116.24,120.58,0.8916,-1,-1,-1
13,64778,627.28,307.86,93.06,88.75,0.8235,-1,-1,-1
13,64774,323.01,604.13,144.29,132.26,0.2543,-1,-1,-1
13,64776,431.17,770.67,244.38,208.53,0.6890,-1,-1,-1
13,64781,424.03,520.22,112.22,125.70,0.8448,-1,-1,-1
13,64779,976.64,42.70,89.19,94.86,0.8261,-1,-1,-1
14,64773,394.13,255.57,121.41,115.26,0.8660,-1,-1,-1
14,64775,1111.46,213.57,87.96,87.36,0.8229,-1,-1,-1
14,64777,1142.64,426.81,112.15,116.93,0.8003,-1,-1,-1
14,64778,613.49,312.47,93.13,88.25,0.8468,-1,-1,-1
14,64776,416.90,771.97,247.04,210.10,0.7576,-1,-1,-1
14,64781,413.92,529.32,112.64,123.98,0.8520,-1,-1,-1
14,64779,970.17,34.56,90.58,96.29,0.7983,-1,-1,-1
15,64773,378.89,255.22,124.36,118.31,0.7375,-1,-1,-1
15,64775,1104.04,212.12,86.46,86.15,0.8133,-1,-1,-1
15,64777,1141.62,431.39,109.26,114.46,0.4125,-1,-1,-1
15,64778,601.31,312.47,95.15,89.55,0.7973,-1,-1,-1
15,64776,438.92,770.35,202.69,167.61,0.4570,-1,-1,-1
15,64781,405.38,535.40,113.33,122.05,0.7938,-1,-1,-1
15,64779,962.51,17.30,95.54,101.92,0.6838,-1,-1,-1
15,64796,1294.85,825.68,214.73,167.96,0.8050,-1,-1,-1
15,64782,1344.85,95.57,121.97,90.60,0.8317,-1,-1,-1
16,64773,363.18,257.44,125.67,119.46,0.7692,-1,-1,-1
16,64775,1096.86,211.74,87.05,87.56,0.7167,-1,-1,-1
16,64778,587.97,313.61,96.80,90.38,0.8370,-1,-1,-1
16,64781,394.30,538.53,121.23,127.95,0.5114,-1,-1,-1
16,64779,959.06,8.42,93.18,98.97,0.7574,-1,-1,-1
16,64796,1282.80,828.98,203.92,159.43,0.7033,-1,-1,-1
16,64782,1328.34,83.99,122.38,93.14,0.8896,-1,-1,-1
17,64773,340.52,263.25,126.67,119.90,0.8261,-1,-1,-1
17,64775,1083.77,217.91,86.82,87.77,0.7980,-1,-1,-1
17,64778,569.35,318.08,102.67,95.56,0.8093,-1,-1,-1
17,64781,377.92,552.71,123.86,127.20,0.7084,-1,-1,-1
17,64779,951.07,4.02,91.66,97.03,0.8309,-1,-1,-1
17,64796,1259.14,833.97,196.90,153.97,0.7021,-1,-1,-1
17,64782,1310.77,80.61,118.31,91.96,0.8566,-1,-1,-1
18,64773,316.12,269.68,128.46,120.75,0.8623,-1,-1,-1
18,64775,1069.55,221.32,85.43,86.73,0.8887,-1,-1,-1
18,64778,552.74,321.95,93.41,84.99,0.7376,-1,-1,-1
18,64781,360.83,566.11,124.61,123.44,0.7210,-1,-1,-1
18,64779,937.84,-0.72,91.42,96.19,0.6332,-1,-1,-1
18,64796,1238.70,831.81,193.98,151.57,0.7851,-1,-1,-1
18,64782,1288.28,77.78,114.82,90.57,0.8617,-1,-1,-1
19,64773,296.13,276.49,133.85,126.07,0.8263,-1,-1,-1
19,64775,1055.38,224.63,90.00,92.10,0.8632,-1,-1,-1
19,64781,352.30,577.26,123.95,117.94,0.6629,-1,-1,-1
19,64779,929.92,-2.75,87.56,90.92,0.7603,-1,-1,-1
19,64796,1213.70,819.49,205.19,160.26,0.6207,-1,-1,-1
19,64782,1270.14,72.06,112.86,89.62,0.9035,-1,-1,-1
19,64797,1841.82,378.82,75.13,243.48,0.8450,-1,-1,-1
20,64773,281.67,286.72,138.55,130.54,0.8031,-1,-1,-1
20,64775,1048.93,234.74,88.39,90.95,0.8494,-1,-1,-1
20,64781,346.01,594.72,122.65,111.37,0.6902,-1,-1,-1
20,64779,923.16,-3.04,87.52,90.18,0.7602,-1,-1,-1
20,64796,1186.27,813.08,207.47,162.80,0.8275,-1,-1,-1
20,64782,1255.71,72.47,111.92,89.55,0.9321,-1,-1,-1
20,64797,1835.65,376.85,77.57,250.35,0.8684,-1,-1,-1
20,64798,356.15,478.27,95.18,84.83,0.8764,-1,-1,-1
20,64778,518.77,337.55,103.51,93.75,0.8721,-1,-1,-1
21,64773,267.85,300.46,135.56,127.34,0.8068,-1,-1,-1
21,64775,1041.21,240.12,89.16,92.75,0.8472,-1,-1,-1
21,64781,340.85,610.51,125.37,110.00,0.6344,-1,-1,-1
21,64779,915.81,-2.75,87.27,89.49,0.7890,-1,-1,-1
21,64796,1166.00,805.70,207.49,163.81,0.8219,-1,-1,-1
21,64782,1241.48,71.58,111.81,90.01,0.9335,-1,-1,-1
21,64797,1829.52,371.68,81.45,261.15,0.8827,-1,-1,-1
21,64798,340.69,477.84,96.12,85.71,0.8684,-1,-1,-1
21,64778,503.44,344.41,106.17,95.43,0.8145,-1,-1,-1
22,64773,256.00,313.89,136.68,128.38,0.7636,-1,-1,-1
22,64775,1035.25,244.80,88.70,92.89,0.8535,-1,-1,-1
22,64781,338.00,626.35,132.27,114.50,0.6506,-1,-1,-1
22,64779,910.36,-2.38,88.02,89.90,0.8191,-1,-1,-1
22,64796,1158.64,803.17,205.40,163.60,0.8977,-1,-1,-1
22,64782,1230.73,69.14,111.61,90.76,0.8855,-1,-1,-1
22,64797,1825.71,363.47,87.27,278.44,0.8573,-1,-1,-1
22,64798,326.63,479.22,103.13,92.27,0.9001,-1,-1,-1
22,64778,490.45,352.03,108.20,96.80,0.8258,-1,-1,-1
22,64801,461.46,632.54,113.84,127.18,0.8855,-1,-1,-1
22,64777,1114.82,492.71,96.04,100.23,0.8136,-1,-1,-1
23,64773,245.13,329.38,135.01,125.72,0.7838,-1,-1,-1
23,64775,1028.94,252.65,88.34,92.82,0.8374,-1,-1,-1
23,64781,321.58,644.56,146.07,126.50,0.7627,-1,-1,-1
23,64779,904.84,-2.03,90.25,92.08,0.7734,-1,-1,-1
23,64796,1147.50,804.89,203.76,163.28,0.7916,-1,-1,-1
23,64782,1220.85,69.69,111.58,92.10,0.8928,-1,-1,-1
23,64797,1821.54,369.40,90.26,285.45,0.8121,-1,-1,-1
23,64798,311.34,480.27,108.59,97.62,0.8361,-1,-1,-1
23,64778,480.27,362.53,109.38,96.61,0.8518,-1,-1,-1
23,64801,459.67,647.73,114.32,127.80,0.6467,-1,-1,-1
23,64803,1260.29,624.90,113.78,112.12,0.8077,-1,-1,-1
23,64777,1109.95,503.71,96.80,100.91,0.3690,-1,-1,-1
24,64773,227.36,336.87,135.20,124.30,0.7549,-1,-1,-1
24,64775,1019.24,258.65,87.04,91.20,0.8093,-1,-1,-1
24,64781,301.63,654.44,152.78,130.00,0.8282,-1,-1,-1
24,64779,898.52,-1.91,88.75,89.73,0.6895,-1,-1,-1
24,64796,1132.15,802.78,196.51,159.02,0.7641,-1,-1,-1
24,64782,1209.97,69.38,110.65,92.90,0.9134,-1,-1,-1
24,64797,1814.23,368.54,93.97,292.57,0.8382,-1,-1,-1
24,64798,292.24,474.14,112.06,101.24,0.8590,-1,-1,-1
24,64778,463.70,365.80,111.72,97.25,0.8363,-1,-1,-1
24,64801,453.37,655.19,113.72,127.08,0.6540,-1,-1,-1
24,64803,1270.49,611.03,113.00,111.29,0.8925,-1,-1,-1
24,64777,1106.39,509.60,98.99,101.63,0.7266,-1,-1,-1
25,64773,209.83,338.96,134.59,122.43,0.8699,-1,-1,-1
25,64775,1011.25,258.04,87.05,91.21,0.8510,-1,-1,-1
25,64781,282.41,658.86,158.50,131.83,0.8030,-1,-1,-1
25,64779,893.81,-1.12,85.05,84.53,0.5828,-1,-1,-1
25,64796,1121.77,797.04,191.74,156.83,0.6233,-1,-1,-1
25,64782,1199.24,63.18,109.42,93.55,0.9086,-1,-1,-1
25,64797,1806.55,363.92,99.41,303.82,0.8992,-1,-1,-1
25,64798,276.19,464.31,109.73,99.73,0.8623,-1,-1,-1
25,64778,445.39,365.68,114.88,98.75,0.8158,-1,-1,-1
25,64801,448.91,656.75,114.71,128.02,0.3699,-1,-1,-1
25,64803,1283.27,591.13,111.70,109.81,0.8742,-1,-1,-1
25,64777,1103.89,511.03,102.28,102.43,0.6478,-1,-1,-1
26,64773,198.82,342.80,134.17,120.77,0.8847,-1,-1,-1
26,64775,1007.58,257.97,85.06,88.78,0.8443,-1,-1,-1
26,64781,270.98,663.47,166.33,135.43,0.7826,-1,-1,-1
26,64779,894.23,-0.85,76.87,73.67,0.6485,-1,-1,-1
26,64796,1118.49,791.02,187.57,154.88,0.7198,-1,-1,-1
26,64782,1190.47,57.14,110.28,96.42,0.8650,-1,-1,-1
26,64797,1803.08,366.73,101.54,303.61,0.9087,-1,-1,-1
26,64798,264.38,453.94,106.80,97.33,0.8781,-1,-1,-1
26,64778,433.74,364.90,115.20,98.06,0.8814,-1,-1,-1
26,64801,448.22,659.87,109.84,121.90,0.7128,-1,-1,-1
26,64803,1296.18,571.34,116.64,114.47,0.8383,-1,-1,-1
26,64777,1098.60,513.79,103.99,102.72,0.6630,-1,-1,-1
27,64773,187.07,344.87,136.08,121.33,0.8110,-1,-1,-1
27,64775,1002.68,258.44,84.15,86.81,0.8648,-1,-1,-1
27,64781,260.97,669.16,168.97,134.36,0.4982,-1,-1,-1
27,64779,896.17,-0.05,68.27,61.52,0.5241,-1,-1,-1
27,64796,1116.07,779.36,185.04,154.39,0.8306,-1,-1,-1
27,64782,1181.64,50.15,112.64,100.79,0.8424,-1,-1,-1
27,64797,1797.95,368.65,105.71,308.75,0.8402,-1,-1,-1
27,64798,254.01,445.62,102.21,93.01,0.8915,-1,-1,-1
27,64778,420.21,362.61,117.49,99.00,0.8826,-1,-1,-1
27,64801,452.23,656.90,113.36,123.79,0.7692,-1,-1,-1
27,64803,1307.78,552.60,120.32,117.92,0.7397,-1,-1,-1
27,64777,1092.39,515.21,105.36,103.41,0.5956,-1,-1,-1
27,64806,590.17,298.57,103.52,93.70,0.9069,-1,-1,-1
27,64807,590.80,695.99,102.97,81.64,0.8413,-1,-1,-1
28,64773,176.11,349.42,140.84,124.85,0.7747,-1,-1,-1
28,64775,996.11,261.18,83.01,84.36,0.9077,-1,-1,-1
28,64779,894.55,0.27,61.53,51.98,0.7416,-1,-1,-1
28,64796,1118.94,768.46,180.44,151.65,0.8137,-1,-1,-1
28,64782,1173.68,44.65,111.42,101.95,0.8362,-1,-1,-1
28,64797,1792.46,364.29,111.89,319.97,0.8807,-1,-1,-1
28,64798,243.21,444.88,97.71,88.34,0.8978,-1,-1,-1
28,64778,406.35,363.38,119.24,99.24,0.8836,-1,-1,-1
28,64801,441.92,647.82,124.81,136.03,0.6587,-1,-1,-1
28,64803,1318.00,536.41,123.98,121.52,0.7474,-1,-1,-1
28,64777,1084.47,516.90,107.79,106.14,0.5599,-1,-1,-1
28,64806,589.16,280.47,106.09,95.93,0.9091,-1,-1,-1
28,64807,590.75,685.98,107.19,85.20,0.8140,-1,-1,-1
29,64773,166.48,363.68,143.38,126.35,0.6615,-1,-1,-1
29,64775,992.00,266.02,81.42,81.16,0.9038,-1,-1,-1
29,64779,892.47,0.11,58.26,45.55,0.6046,-1,-1,-1
29,64796,1133.21,754.53,177.51,148.28,0.7767,-1,-1,-1
29,64782,1168.97,38.36,105.16,98.08,0.7752,-1,-1,-1
29,64797,1790.30,360.59,116.72,328.50,0.8557,-1,-1,-1
29,64798,237.73,448.78,93.48,83.77,0.8393,-1,-1,-1
29,64778,395.73,368.45,121.00,99.91,0.8599,-1,-1,-1
29,64801,445.58,664.04,119.31,129.07,0.7370,-1,-1,-1
29,64803,1334.40,520.51,120.24,117.56,0.7866,-1,-1,-1
29,64777,1082.99,522.15,104.41,102.86,0.5978,-1,-1,-1
29,64806,589.45,264.20,106.74,96.37,0.9341,-1,-1,-1
29,64807,594.91,677.56,111.22,88.86,0.8068,-1,-1,-1
29,64812,1519.72,756.84,189.36,167.69,0.8675,-1,-1,-1
30,64773,164.36,376.88,144.40,126.12,0.8413,-1,-1,-1
30,64775,988.01,268.22,82.03,80.43,0.9088,-1,-1,-1
30,64779,890.59,0.70,52.88,37.82,0.1227,-1,-1,-1
30,64796,1149.34,739.78,173.76,144.48,0.6918,-1,-1,-1
30,64782,1163.38,31.36,104.96,99.62,0.8078,-1,-1,-1
30,64797,1791.38,358.19,120.49,336.65,0.8086,-1,-1,-1
30,64798,235.87,449.36,93.72,83.66,0.8263,-1,-1,-1
30,64778,389.43,373.98,121.15,98.93,0.8741,-1,-1,-1
30,64801,455.85,678.05,113.45,121.47,0.6201,-1,-1,-1
30,64803,1354.51,501.72,118.78,115.24,0.8785,-1,-1,-1
30,64777,1083.99,524.87,107.03,105.38,0.2815,-1,-1,-1
30,64806,592.30,247.10,112.43,101.36,0.8854,-1,-1,-1
30,64807,602.80,664.88,115.08,92.66,0.8425,-1,-1,-1
30,64812,1525.65,746.72,188.92,167.35,0.8020,-1,-1,-1
30,64813,1492.14,651.42,115.31,104.83,0.8648,-1,-1,-1
31,64773,165.10,384.44,137.66,118.67,0.5969,-1,-1,-1
31,64775,986.44,269.45,84.33,81.37,0.9076,-1,-1,-1
31,64796,1163.86,724.35,172.61,142.89,0.7776,-1,-1,-1
31,64782,1160.81,22.20,106.85,103.24,0.8343,-1,-1,-1
31,64797,1792.68,355.49,127.33,358.25,0.7658,-1,-1,-1
31,64778,384.19,375.45,124.36,100.72,0.7942,-1,-1,-1
31,64801,466.76,678.89,113.29,121.09,0.1167,-1,-1,-1
31,64803,1370.72,482.62,120.65,116.75,0.8593,-1,-1,-1
31,64777,1086.39,526.45,107.42,105.93,0.4074,-1,-1,-1
31,64806,598.71,230.59,111.35,100.13,0.8505,-1,-1,-1
31,64807,613.48,649.20,112.66,91.67,0.8939,-1,-1,-1
31,64812,1532.43,742.06,186.42,165.02,0.8275,-1,-1,-1
31,64813,1495.38,643.27,112.99,102.63,0.8812,-1,-1,-1
32,64775,987.21,270.00,85.84,81.97,0.9162,-1,-1,-1
32,64796,1178.41,712.18,171.56,141.12,0.7613,-1,-1,-1
32,64782,1163.81,15.18,103.92,102.11,0.8412,-1,-1,-1
32,64797,1797.80,366.43,125.89,357.51,0.7373,-1,-1,-1
32,64778,383.21,375.84,125.43,101.37,0.8316,-1,-1,-1
32,64803,1390.77,468.03,119.36,115.01,0.8841,-1,-1,-1
32,64777,1090.96,530.13,106.39,104.96,0.4878,-1,-1,-1
32,64806,607.23,213.13,110.93,99.73,0.8394,-1,-1,-1
32,64807,624.35,635.86,113.90,93.52,0.8423,-1,-1,-1
32,64812,1538.63,739.09,187.10,165.51,0.8219,-1,-1,-1
32,64813,1498.01,637.25,110.17,99.93,0.9096,-1,-1,-1
32,64814,87.59,213.64,166.53,129.17,0.8684,-1,-1,-1
33,64775,988.77,273.80,85.88,81.24,0.9112,-1,-1,-1
33,64796,1195.92,703.27,169.39,138.40,0.8163,-1,-1,-1
33,64782,1168.41,11.88,99.37,98.70,0.8594,-1,-1,-1
33,64797,1801.72,370.36,127.69,369.67,0.7553,-1,-1,-1
33,64778,381.29,377.47,127.36,102.90,0.8773,-1,-1,-1
33,64803,1407.77,452.71,123.19,118.41,0.9079,-1,-1,-1
33,64777,1096.64,536.93,104.33,102.89,0.6673,-1,-1,-1
33,64806,612.32,196.97,115.12,102.81,0.7729,-1,-1,-1
33,64807,634.30,628.48,107.11,88.92,0.5821,-1,-1,-1
33,64812,1545.15,739.92,186.94,165.17,0.8939,-1,-1,-1
33,64813,1499.80,633.82,108.45,98.06,0.9024,-1,-1,-1
33,64814,113.34,189.31,161.59,125.56,0.8263,-1,-1,-1
33,64815,8.56,61.06,149.52,184.13,0.8611,-1,-1,-1
33,64798,241.33,433.29,95.27,84.38,0.8674,-1,-1,-1
33,64773,167.14,465.96,135.36,116.21,0.8395,-1,-1,-1
34,64775,989.11,277.76,87.73,82.30,0.9315,-1,-1,-1
34,64796,1209.01,695.72,170.43,138.83,0.8500,-1,-1,-1
34,64782,1171.83,8.43,97.79,98.17,0.8755,-1,-1,-1
34,64797,1808.50,387.20,121.57,357.99,0.8246,-1,-1,-1
34,64778,381.20,379.19,126.56,102.31,0.8597,-1,-1,-1
34,64803,1423.05,439.84,127.03,121.94,0.8787,-1,-1,-1
34,64777,1100.22,543.91,106.06,104.85,0.7957,-1,-1,-1
34,64806,618.52,183.03,116.26,103.12,0.7719,-1,-1,-1
34,64812,1549.20,741.71,188.87,166.77,0.8719,-1,-1,-1
34,64813,1501.64,631.67,107.80,97.15,0.8561,-1,-1,-1
34,64814,140.77,168.07,152.57,118.82,0.1560,-1,-1,-1
34,64815,17.41,57.42,147.98,181.25,0.8448,-1,-1,-1
34,64798,244.04,430.25,96.35,84.56,0.8520,-1,-1,-1
34,64773,172.37,486.96,137.47,119.11,0.7491,-1,-1,-1
35,64775,989.10,282.64,88.90,82.45,0.9295,-1,-1,-1
35,64796,1217.85,691.73,174.35,142.05,0.8332,-1,-1,-1
35,64782,1175.78,8.32,95.68,96.49,0.8769,-1,-1,-1
35,64797,1810.34,396.87,121.82,366.37,0.7246,-1,-1,-1
35,64778,379.04,380.43,128.42,104.36,0.8524,-1,-1,-1
35,64803,1438.48,429.37,131.43,126.10,0.8815,-1,-1,-1
35,64777,1104.19,551.95,107.74,106.36,0.4165,-1,-1,-1
35,64806,623.06,169.41,119.43,105.19,0.8944,-1,-1,-1
35,64812,1552.39,746.31,191.61,169.02,0.8451,-1,-1,-1
35,64813,1500.98,630.28,108.98,97.82,0.8485,-1,-1,-1
35,64814,146.91,148.45,205.21,160.76,0.7791,-1,-1,-1
35,64815,25.74,53.23,147.89,179.19,0.8199,-1,-1,-1
35,64798,246.09,428.16,96.83,83.93,0.8448,-1,-1,-1
35,64773,171.27,497.89,143.10,125.85,0.6655,-1,-1,-1
36,64775,991.36,288.49,89.68,82.55,0.7478,-1,-1,-1
36,64796,1226.95,692.81,178.55,145.97,0.8894,-1,-1,-1
36,64782,1180.12,11.44,92.99,94.11,0.8802,-1,-1,-1
36,64797,1816.34,421.51,116.13,356.96,0.7076,-1,-1,-1
36,64778,375.87,384.22,129.98,106.34,0.8909,-1,-1,-1
36,64803,1454.59,421.90,135.09,129.64,0.8949,-1,-1,-1
36,64777,1108.66,564.13,107.36,105.82,0.6916,-1,-1,-1
36,64806,627.30,161.89,122.28,106.85,0.9000,-1,-1,-1
36,64812,1560.37,753.95,196.18,173.36,0.8685,-1,-1,-1
36,64813,1505.33,631.67,110.69,99.01,0.8060,-1,-1,-1
36,64814,175.28,137.14,194.18,152.47,0.7182,-1,-1,-1
36,64815,38.44,56.39,147.71,176.19,0.7576,-1,-1,-1
36,64798,249.36,428.54,100.06,85.77,0.8728,-1,-1,-1
36,64773,174.16,509.66,138.32,121.99,0.7898,-1,-1,-1
36,64817,402.78,608.52,91.80,85.09,0.8536,-1,-1,-1
36,64818,305.90,490.82,132.62,115.04,0.8646,-1,-1,-1
37,64796,1236.85,694.76,183.56,151.02,0.8097,-1,-1,-1
37,64782,1185.53,14.77,91.52,92.53,0.8845,-1,-1,-1
37,64797,1825.20,465.65,107.67,339.30,0.6963,-1,-1,-1
37,64778,359.61,385.46,129.85,106.64,0.7856,-1,-1,-1
37,64803,1471.79,414.85,139.12,133.91,0.8970,-1,-1,-1
37,64777,1118.05,578.70,101.65,98.87,0.6346,-1,-1,-1
37,64806,635.34,155.40,123.40,107.47,0.8249,-1,-1,-1
37,64812,1568.40,763.90,202.38,179.71,0.8898,-1,-1,-1
37,64813,1510.27,633.76,111.80,99.42,0.8022,-1,-1,-1
37,64814,189.96,113.29,195.63,154.19,0.5451,-1,-1,-1
37,64815,58.77,60.46,151.35,177.42,0.5355,-1,-1,-1
37,64798,255.26,430.60,103.61,88.29,0.7766,-1,-1,-1
37,64773,178.83,522.55,129.24,113.14,0.8342,-1,-1,-1
37,64817,405.77,611.20,96.08,89.05,0.8677,-1,-1,-1
37,64818,318.43,489.73,128.96,111.99,0.5706,-1,-1,-1
38,64796,1247.61,699.73,185.94,154.32,0.7678,-1,-1,-1
38,64782,1192.86,21.28,89.84,90.45,0.8896,-1,-1,-1
38,64797,1830.62,493.72,101.45,327.25,0.7287,-1,-1,-1
38,64778,331.78,384.13,140.13,115.75,0.5738,-1,-1,-1
38,64803,1490.55,412.54,140.75,136.16,0.9137,-1,-1,-1
38,64777,1121.29,585.19,105.78,101.40,0.5970,-1,-1,-1
38,64806,641.86,150.86,126.38,110.27,0.9227,-1,-1,-1
38,64812,1574.76,774.78,207.40,185.30,0.8819,-1,-1,-1
38,64813,1515.05,637.88,109.56,96.61,0.6932,-1,-1,-1
38,64814,202.60,86.23,211.09,168.92,0.7934,-1,-1,-1
38,64815,76.16,63.59,152.76,176.12,0.8021,-1,-1,-1
38,64798,259.45,433.62,103.90,88.15,0.8016,-1,-1,-1
38,64817,412.39,615.23,97.62,90.41,0.7447,-1,-1,-1
38,64818,330.43,491.37,122.13,106.17,0.7832,-1,-1,-1
39,64796,1255.00,704.81,190.10,159.33,0.7760,-1,-1,-1
39,64782,1197.37,30.55,89.49,89.49,0.8912,-1,-1,-1
39,64803,1506.91,411.64,142.25,137.94,0.8937,-1,-1,-1
39,64777,1125.45,592.11,105.02,98.79,0.6600,-1,-1,-1
39,64806,648.10,149.66,126.80,111.15,0.8958,-1,-1,-1
39,64812,1586.72,792.09,211.74,189.21,0.8561,-1,-1,-1
39,64813,1520.32,643.02,112.10,97.28,0.3733,-1,-1,-1
39,64814,214.41,63.02,225.52,184.68,0.7235,-1,-1,-1
39,64815,92.85,72.95,151.39,171.17,0.8204,-1,-1,-1
39,64817,423.16,622.25,98.33,91.28,0.4392,-1,-1,-1
40,64796,1265.18,709.68,188.64,159.67,0.7393,-1,-1,-1
40,64782,1201.17,38.08,89.51,88.62,0.9137,-1,-1,-1
40,64777,1129.31,596.57,105.88,98.31,0.6886,-1,-1,-1
40,64806,655.33,149.00,128.33,113.08,0.8720,-1,-1,-1
40,64812,1601.19,810.19,210.65,188.02,0.7862,-1,-1,-1
40,64813,1530.23,648.68,103.23,87.14,0.4093,-1,-1,-1
40,64814,225.19,45.63,238.47,200.61,0.1667,-1,-1,-1
40,64815,110.29,83.65,151.16,167.80,0.6613,-1,-1,-1
40,64817,432.87,630.28,95.77,89.19,0.8106,-1,-1,-1
41,64796,1277.72,712.57,184.06,157.01,0.7803,-1,-1,-1
41,64782,1205.99,43.64,88.95,86.96,0.9095,-1,-1,-1
41,64777,1133.39,600.73,104.02,94.83,0.7965,-1,-1,-1
41,64806,662.48,149.12,128.00,113.76,0.8750,-1,-1,-1
41,64812,1612.80,822.11,214.60,191.18,0.7477,-1,-1,-1
41,64813,1537.95,652.47,91.15,73.59,0.4702,-1,-1,-1
41,64815,127.83,93.84,149.99,163.78,0.8426,-1,-1,-1
41,64817,444.10,636.59,93.62,87.46,0.8053,-1,-1,-1
41,64822,902.11,0.81,115.02,64.29,0.8322,-1,-1,-1
41,64803,1545.21,405.57,140.40,133.95,0.8534,-1,-1,-1
42,64796,1290.34,715.37,181.15,155.39,0.7996,-1,-1,-1
42,64782,1211.00,47.04,89.59,86.39,0.8847,-1,-1,-1
42,64777,1137.01,601.35,105.42,94.94,0.7593,-1,-1,-1
42,64806,668.46,147.92,128.56,115.63,0.7800,-1,-1,-1
42,64812,1630.14,831.63,219.69,194.96,0.7385,-1,-1,-1
42,64813,1548.34,658.23,86.12,66.66,0.4044,-1,-1,-1
42,64815,146.27,103.41,149.74,161.28,0.8738,-1,-1,-1
42,64817,462.03,641.40,79.77,73.08,0.2394,-1,-1,-1
42,64822,900.53,0.60,123.47,69.19,0.8749,-1,-1,-1
42,64803,1569.47,402.04,139.25,130.59,0.9013,-1,-1,-1
42,64814,282.81,101.86,158.01,134.07,0.8226,-1,-1,-1
43,64796,1299.78,719.09,188.05,162.88,0.7776,-1,-1,-1
43,64782,1214.38,49.57,92.21,88.11,0.8549,-1,-1,-1
43,64777,1140.47,602.53,110.83,99.61,0.5369,-1,-1,-1
43,64806,675.75,147.29,128.22,117.04,0.8149,-1,-1,-1
43,64812,1656.64,841.16,220.14,193.72,0.6169,-1,-1,-1
43,64815,159.50,115.96,150.40,159.14,0.3269,-1,-1,-1
43,64822,895.93,0.18,134.77,75.72,0.8903,-1,-1,-1
43,64803,1592.98,397.59,140.76,129.70,0.9002,-1,-1,-1
43,64814,305.82,123.70,131.02,112.00,0.8213,-1,-1,-1
43,64775,1005.81,354.88,92.56,84.77,0.9082,-1,-1,-1
44,64796,1315.71,724.55,186.88,163.30,0.7083,-1,-1,-1
44,64782,1217.67,53.65,93.76,88.86,0.8806,-1,-1,-1
44,64777,1142.89,604.92,113.98,102.47,0.8346,-1,-1,-1
44,64806,683.97,148.85,131.19,122.04,0.6855,-1,-1,-1
44,64812,1681.05,849.31,223.60,195.55,0.7733,-1,-1,-1
44,64815,180.28,126.68,152.17,159.91,0.5635,-1,-1,-1
44,64822,894.69,0.04,148.23,84.12,0.8620,-1,-1,-1
44,64803,1614.14,395.78,140.81,127.16,0.9084,-1,-1,-1
44,64814,321.44,131.87,124.36,107.36,0.7614,-1,-1,-1
44,64775,1008.00,366.13,91.83,83.89,0.8877,-1,-1,-1
44,64817,506.89,610.84,140.12,126.27,0.8709,-1,-1,-1
45,64796,1329.01,730.30,190.31,168.24,0.5000,-1,-1,-1
45,64782,1220.42,59.24,93.15,87.65,0.9200,-1,-1,-1
45,64777,1146.52,606.63,115.69,104.51,0.5563,-1,-1,-1
45,64806,688.36,153.39,130.72,123.25,0.6881,-1,-1,-1
45,64812,1697.30,856.55,222.49,194.66,0.7708,-1,-1,-1
45,64815,195.82,139.86,150.85,157.93,0.8172,-1,-1,-1
45,64822,891.92,-0.05,160.53,92.50,0.8781,-1,-1,-1
45,64803,1634.25,393.62,144.34,127.80,0.8855,-1,-1,-1
45,64814,337.16,136.60,117.49,102.29,0.7901,-1,-1,-1
45,64775,1010.04,376.49,92.04,84.01,0.9052,-1,-1,-1
45,64828,1343.31,2.97,146.90,156.21,0.9371,-1,-1,-1
45,64817,535.94,584.33,149.20,132.61,0.8597,-1,-1,-1
45,64813,1552.65,671.95,108.00,84.54,0.8212,-1,-1,-1
46,64796,1345.18,740.94,183.09,163.82,0.6659,-1,-1,-1
46,64782,1223.60,67.70,92.59,86.78,0.9206,-1,-1,-1
46,64777,1150.10,614.00,116.71,105.67,0.4109,-1,-1,-1
46,64806,690.62,160.01,131.14,124.81,0.7070,-1,-1,-1
46,64812,1705.06,855.74,231.27,205.47,0.2126,-1,-1,-1
46,64815,209.98,154.74,148.59,154.78,0.8332,-1,-1,-1
46,64822,887.34,0.15,177.04,104.42,0.8805,-1,-1,-1
46,64803,1651.88,392.89,149.21,129.62,0.8924,-1,-1,-1
46,64814,354.41,143.20,110.85,97.10,0.8075,-1,-1,-1
46,64775,1011.14,387.39,92.60,84.63,0.9174,-1,-1,-1
46,64828,1326.48,1.28,123.82,130.45,0.8975,-1,-1,-1
46,64817,561.70,554.29,151.46,133.23,0.8194,-1,-1,-1
46,64829,933.50,512.81,165.17,183.42,0.8667,-1,-1,-1
46,64813,1554.88,680.45,115.91,93.00,0.4635,-1,-1,-1
47,64796,1359.24,750.72,181.88,163.83,0.4888,-1,-1,-1
47,64782,1224.91,80.43,92.83,87.00,0.9408,-1,-1,-1
47,64777,1153.36,622.05,120.57,110.35,0.6622,-1,-1,-1
47,64806,694.83,170.25,130.53,125.07,0.2397,-1,-1,-1
47,64815,220.72,170.70,148.66,153.84,0.8216,-1,-1,-1
47,64822,883.54,4.49,188.01,114.01,0.8580,-1,-1,-1
47,64803,1670.87,394.93,154.26,131.71,0.9129,-1,-1,-1
47,64814,369.05,152.56,106.41,93.70,0.8438,-1,-1,-1
47,64775,1010.16,400.78,94.24,86.30,0.8254,-1,-1,-1
47,64828,1303.50,0.57,105.79,109.18,0.9177,-1,-1,-1
47,64817,594.07,531.16,143.46,126.15,0.8603,-1,-1,-1
47,64829,951.21,518.36,172.36,191.45,0.3761,-1,-1,-1
47,64813,1559.70,690.98,123.30,101.35,0.1106,-1,-1,-1
48,64796,1366.96,762.92,186.85,170.08,0.3247,-1,-1,-1
48,64782,1229.76,90.98,90.91,85.23,0.9318,-1,-1,-1
48,64777,1159.31,627.15,121.96,111.69,0.7310,-1,-1,-1
48,64806,700.78,179.66,129.86,125.25,0.8523,-1,-1,-1
48,64815,232.07,187.00,146.56,150.65,0.7976,-1,-1,-1
48,64822,891.32,19.98,179.35,111.70,0.8595,-1,-1,-1
48,64803,1691.38,396.69,157.69,132.13,0.8787,-1,-1,-1
48,64814,382.42,161.57,101.75,89.99,0.8239,-1,-1,-1
48,64775,1014.81,414.55,89.89,82.46,0.8516,-1,-1,-1
48,64828,1287.18,0.63,95.44,95.35,0.8928,-1,-1,-1
48,64817,627.13,513.80,133.44,117.94,0.5782,-1,-1,-1
48,64829,979.51,525.90,168.75,187.50,0.4218,-1,-1,-1
49,64796,1384.57,779.44,177.39,161.98,0.6028,-1,-1,-1
49,64782,1234.57,102.50,90.83,85.19,0.9121,-1,-1,-1
49,64777,1165.71,637.73,121.99,112.89,0.7492,-1,-1,-1
49,64806,710.29,194.27,126.61,122.53,0.7720,-1,-1,-1
49,64815,244.42,203.72,146.51,149.87,0.8086,-1,-1,-1
49,64822,893.59,35.07,179.49,115.31,0.9249,-1,-1,-1
49,64803,1710.30,399.82,166.22,137.26,0.8783,-1,-1,-1
49,64814,393.00,166.39,108.21,97.25,0.7031,-1,-1,-1
49,64828,1271.84,0.50,92.18,88.91,0.9089,-1,-1,-1
49,64817,648.58,499.45,129.82,115.79,0.8328,-1,-1,-1
49,64829,1010.57,539.94,159.70,177.39,0.7054,-1,-1,-1
50,64796,1401.08,793.99,172.92,158.44,0.7294,-1,-1,-1
50,64782,1240.02,118.69,90.43,84.64,0.8805,-1,-1,-1
50,64777,1176.02,653.62,118.41,110.31,0.7911,-1,-1,-1
50,64806,718.54,214.80,122.89,119.33,0.8367,-1,-1,-1
50,64815,258.55,224.51,145.61,148.92,0.7842,-1,-1,-1
50,64822,899.15,55.83,176.07,116.73,0.9388,-1,-1,-1
50,64803,1733.24,408.17,168.21,136.61,0.8525,-1,-1,-1
50,64814,407.75,179.79,105.12,96.18,0.6594,-1,-1,-1
50,64828,1253.74,0.79,100.04,93.89,0.8667,-1,-1,-1
50,64829,1033.73,557.03,166.90,185.51,0.1073,-1,-1,-1
50,64831,1579.46,1.01,193.63,102.62,0.8914,-1,-1,-1
50,64813,1581.43,743.21,122.64,100.40,0.8731,-1,-1,-1
50,64775,1020.33,448.48,94.28,87.61,0.8892,-1,-1,-1
51,64796,1414.16,803.02,177.57,163.65,0.7442,-1,-1,-1
51,64782,1247.38,135.04,89.35,83.29,0.8967,-1,-1,-1
51,64777,1185.91,670.14,113.88,106.77,0.8947,-1,-1,-1
51,64806,726.31,230.43,126.03,123.35,0.8262,-1,-1,-1
51,64815,274.63,242.61,144.77,147.98,0.7114,-1,-1,-1
51,64822,908.84,76.60,170.71,116.78,0.8826,-1,-1,-1
51,64803,1748.09,414.32,173.85,141.51,0.8130,-1,-1,-1
51,64814,423.36,192.11,103.73,96.98,0.5842,-1,-1,-1
51,64828,1243.99,1.26,104.19,95.61,0.8821,-1,-1,-1
51,64829,1062.72,572.34,158.16,175.30,0.4979,-1,-1,-1
51,64831,1573.68,0.51,231.28,123.37,0.9296,-1,-1,-1
51,64832,896.56,627.71,119.36,99.46,0.8756,-1,-1,-1
51,64813,1570.38,764.64,130.50,107.82,0.8618,-1,-1,-1
51,64775,1025.68,465.85,93.24,87.50,0.8898,-1,-1,-1
52,64796,1429.27,802.60,176.34,162.99,0.3254,-1,-1,-1
52,64782,1251.99,149.12,90.58,84.44,0.8955,-1,-1,-1
52,64777,1195.52,685.10,109.13,102.26,0.3564,-1,-1,-1
52,64806,735.16,247.35,123.23,121.42,0.1702,-1,-1,-1
52,64815,291.30,260.91,135.80,137.92,0.7605,-1,-1,-1
52,64803,1760.34,419.40,176.15,145.75,0.8527,-1,-1,-1
52,64814,439.64,206.10,95.67,91.10,0.1988,-1,-1,-1
52,64828,1231.61,0.75,109.04,98.48,0.8906,-1,-1,-1
52,64829,1080.95,587.49,165.51,183.96,0.5714,-1,-1,-1
52,64831,1566.78,4.33,268.25,144.68,0.7084,-1,-1,-1
52,64832,902.53,625.42,118.28,98.75,0.8430,-1,-1,-1
52,64775,1030.04,482.00,91.29,86.62,0.6290,-1,-1,-1
53,64782,1256.79,163.87,89.69,83.37,0.9140,-1,-1,-1
53,64806,740.59,265.59,120.30,118.80,0.2097,-1,-1,-1
53,64815,302.54,275.82,130.75,131.87,0.7701,-1,-1,-1
53,64803,1769.82,424.04,179.16,152.73,0.6660,-1,-1,-1
53,64814,453.75,218.78,91.32,87.92,0.7376,-1,-1,-1
53,64828,1217.82,0.44,115.95,103.30,0.9024,-1,-1,-1
53,64829,1092.82,601.73,173.12,193.59,0.6625,-1,-1,-1
53,64831,1571.55,22.96,273.66,149.60,0.8595,-1,-1,-1
53,64775,1032.32,498.61,88.84,84.88,0.3281,-1,-1,-1
53,64818,483.06,476.09,93.86,84.10,0.8435,-1,-1,-1
53,64822,923.30,118.73,157.82,111.54,0.8392,-1,-1,-1
54,64782,1259.86,178.89,89.45,82.98,0.9027,-1,-1,-1
54,64806,744.68,284.23,116.30,114.39,0.6266,-1,-1,-1
54,64815,309.55,291.94,128.42,128.99,0.7930,-1,-1,-1
54,64803,1783.18,429.78,173.29,153.43,0.6961,-1,-1,-1
54,64814,465.08,230.92,87.94,84.91,0.8544,-1,-1,-1
54,64828,1202.66,0.40,121.90,107.38,0.9283,-1,-1,-1
54,64829,1110.53,616.68,169.45,189.78,0.5608,-1,-1,-1
54,64831,1576.69,43.28,273.60,152.08,0.9211,-1,-1,-1
54,64775,1032.74,514.71,87.70,83.92,0.8742,-1,-1,-1
54,64833,268.67,528.55,118.58,89.86,0.8487,-1,-1,-1
54,64818,486.99,480.26,91.67,84.16,0.8583,-1,-1,-1
54,64822,928.65,138.52,150.61,109.74,0.9246,-1,-1,-1
55,64782,1261.24,190.11,90.65,84.12,0.8553,-1,-1,-1
55,64806,742.60,297.03,117.85,115.45,0.8241,-1,-1,-1
55,64815,310.51,300.86,132.74,133.52,0.7680,-1,-1,-1
55,64803,1797.25,434.77,162.90,150.68,0.7796,-1,-1,-1
55,64814,471.90,236.26,86.32,83.03,0.8141,-1,-1,-1
55,64828,1194.65,0.42,122.12,106.74,0.8584,-1,-1,-1
55,64829,1124.56,627.35,162.50,181.07,0.4021,-1,-1,-1
55,64831,1585.20,64.44,267.44,151.20,0.9109,-1,-1,-1
55,64775,1029.38,526.54,88.87,85.70,0.8186,-1,-1,-1
55,64833,271.91,534.28,117.03,88.59,0.8567,-1,-1,-1
55,64818,488.01,481.66,89.49,83.73,0.8704,-1,-1,-1
55,64822,932.98,152.93,141.91,106.14,0.9188,-1,-1,-1
55,64817,712.42,484.37,112.16,101.05,0.9297,-1,-1,-1
56,64782,1262.94,199.87,89.79,83.10,0.8951,-1,-1,-1
56,64806,740.63,308.03,117.26,114.19,0.8418,-1,-1,-1
56,64815,309.76,310.73,136.36,137.78,0.8090,-1,-1,-1
56,64803,1808.17,437.20,153.89,149.39,0.8154,-1,-1,-1
56,64814,476.60,240.52,85.16,81.83,0.8459,-1,-1,-1
56,64828,1182.62,0.40,121.72,105.88,0.8789,-1,-1,-1
56,64829,1140.92,639.27,157.87,176.81,0.7440,-1,-1,-1
56,64831,1589.97,82.18,263.70,151.75,0.8022,-1,-1,-1
56,64833,274.58,541.63,117.45,88.87,0.8202,-1,-1,-1
56,64818,487.59,483.29,87.59,82.94,0.8663,-1,-1,-1
56,64822,932.35,163.36,142.44,109.38,0.8651,-1,-1,-1
56,64817,719.83,477.12,110.95,102.24,0.7341,-1,-1,-1
57,64782,1264.84,208.14,90.06,83.41,0.8964,-1,-1,-1
57,64806,737.11,319.08,121.41,117.91,0.7341,-1,-1,-1
57,64815,307.71,319.30,141.63,144.00,0.7821,-1,-1,-1
57,64814,481.30,243.94,87.28,83.49,0.7887,-1,-1,-1
57,64828,1170.03,0.81,121.47,105.33,0.8338,-1,-1,-1
57,64831,1593.69,98.91,265.70,155.81,0.7930,-1,-1,-1
57,64833,277.08,547.00,120.34,91.25,0.8530,-1,-1,-1
57,64818,487.43,485.65,85.21,81.04,0.8571,-1,-1,-1
57,64822,936.92,178.05,132.32,103.51,0.8366,-1,-1,-1
57,64837,475.56,597.29,110.84,109.02,0.8720,-1,-1,-1
58,64782,1266.74,217.28,90.36,83.87,0.8797,-1,-1,-1
58,64815,308.78,327.42,141.22,144.60,0.8240,-1,-1,-1
58,64814,486.73,247.42,85.78,82.10,0.8845,-1,-1,-1
58,64828,1159.71,0.85,121.77,105.32,0.9008,-1,-1,-1
58,64831,1587.84,108.08,276.78,166.33,0.8012,-1,-1,-1
58,64833,277.26,551.70,124.95,95.24,0.7470,-1,-1,-1
58,64818,485.12,486.39,85.54,81.82,0.8488,-1,-1,-1
58,64822,936.36,190.53,133.54,106.84,0.8487,-1,-1,-1
58,64837,476.92,601.39,110.50,108.70,0.8873,-1,-1,-1
59,64782,1269.56,224.52,88.86,82.19,0.9087,-1,-1,-1
59,64815,310.02,334.91,140.10,144.33,0.8338,-1,-1,-1
59,64814,487.65,248.31,89.12,85.82,0.8610,-1,-1,-1
59,64828,1149.63,0.66,123.18,106.43,0.8030,-1,-1,-1
59,64831,1600.32,131.97,256.87,156.93,0.7158,-1,-1,-1
59,64833,277.73,555.32,128.42,98.55,0.8176,-1,-1,-1
59,64818,483.55,485.31,85.83,82.68,0.8288,-1,-1,-1
59,64822,938.47,202.19,134.64,110.57,0.6787,-1,-1,-1
59,64837,478.96,604.30,109.53,107.76,0.8436,-1,-1,-1
59,64838,1140.72,343.77,153.10,144.53,0.8947,-1,-1,-1
59,64775,1024.27,567.93,84.11,81.61,0.8545,-1,-1,-1
59,64817,718.84,474.26,103.45,93.79,0.8913,-1,-1,-1
60,64782,1270.83,229.30,90.74,83.91,0.9215,-1,-1,-1
60,64815,310.23,339.73,140.10,145.20,0.8469,-1,-1,-1
60,64814,489.92,249.67,90.28,87.47,0.8798,-1,-1,-1
60,64828,1137.30,1.03,123.72,105.32,0.8641,-1,-1,-1
60,64831,1606.36,149.95,246.15,152.65,0.8576,-1,-1,-1
60,64833,278.01,559.22,130.14,100.71,0.8802,-1,-1,-1
60,64818,481.07,483.47,85.53,82.53,0.8648,-1,-1,-1
60,64822,940.68,211.53,134.35,113.04,0.5867,-1,-1,-1
60,64837,478.09,606.90,110.91,109.37,0.7160,-1,-1,-1
60,64838,1121.91,308.24,151.07,143.19,0.8999,-1,-1,-1
60,64775,1020.14,576.85,85.54,83.13,0.8136,-1,-1,-1
60,64817,713.84,468.26,104.14,92.99,0.8890,-1,-1,-1
60,64832,906.49,600.41,112.90,96.19,0.8593,-1,-1,-1
61,64782,1271.24,235.83,89.76,82.59,0.9127,-1,-1,-1
61,64815,306.53,345.46,140.81,146.94,0.8211,-1,-1,-1
61,64814,491.21,252.28,88.05,85.34,0.8762,-1,-1,-1
61,64828,1128.18,0.77,126.15,106.98,0.9025,-1,-1,-1
61,64831,1606.33,168.25,238.61,150.27,0.7917,-1,-1,-1
61,64833,276.01,564.06,129.65,101.12,0.6461,-1,-1,-1
61,64818,473.97,482.12,86.15,84.07,0.8555,-1,-1,-1
61,64822,939.62,223.25,134.73,115.95,0.7841,-1,-1,-1
61,64837,473.48,611.09,112.49,111.16,0.7916,-1,-1,-1
61,64775,1015.17,586.46,84.80,82.47,0.8348,-1,-1,-1
61,64817,707.24,464.41,105.38,92.91,0.8771,-1,-1,-1
61,64832,904.70,596.72,111.29,96.63,0.7531,-1,-1,-1
62,64782,1269.40,242.25,90.45,82.96,0.8609,-1,-1,-1
62,64815,300.93,351.50,138.99,145.56,0.8812,-1,-1,-1
62,64814,489.34,253.70,88.62,86.08,0.8966,-1,-1,-1
62,64828,1119.75,0.46,129.09,109.70,0.9128,-1,-1,-1
62,64831,1598.60,182.43,237.95,152.33,0.8529,-1,-1,-1
62,64833,273.66,569.52,126.16,98.81,0.6763,-1,-1,-1
62,64818,467.32,481.96,83.97,82.34,0.8808,-1,-1,-1
62,64822,936.30,235.57,134.16,117.44,0.6761,-1,-1,-1
62,64837,451.27,614.71,116.39,113.25,0.7925,-1,-1,-1
62,64775,1009.07,595.03,86.18,83.74,0.7487,-1,-1,-1
62,64817,699.24,461.26,104.29,90.92,0.7970,-1,-1,-1
62,64832,902.71,593.56,109.22,96.36,0.7344,-1,-1,-1
62,64806,731.19,376.92,117.36,112.92,0.8343,-1,-1,-1
63,64782,1267.51,246.48,90.53,82.91,0.8831,-1,-1,-1
63,64815,295.51,357.30,136.10,142.61,0.8556,-1,-1,-1
63,64814,486.39,252.80,90.49,87.79,0.8768,-1,-1,-1
63,64828,1113.32,0.38,128.88,110.17,0.9163,-1,-1,-1
63,64831,1589.20,199.83,234.56,151.33,0.6049,-1,-1,-1
63,64833,269.97,573.68,124.96,98.36,0.6979,-1,-1,-1
63,64818,457.78,478.60,85.18,84.45,0.8662,-1,-1,-1
63,64822,930.14,245.35,135.96,121.50,0.8268,-1,-1,-1
63,64837,456.38,618.03,114.49,111.51,0.7178,-1,-1,-1
63,64775,1005.98,602.56,86.22,83.42,0.8407,-1,-1,-1
63,64817,688.34,457.85,100.48,87.46,0.8659,-1,-1,-1
63,64832,901.40,590.61,106.53,94.98,0.8884,-1,-1,-1
63,64806,721.49,380.50,127.45,123.24,0.7847,-1,-1,-1
63,64838,1069.74,226.60,127.76,121.36,0.8067,-1,-1,-1
64,64782,1264.62,247.59,93.19,85.59,0.8645,-1,-1,-1
64,64815,288.47,360.41,136.16,142.79,0.8345,-1,-1,-1
64,64814,481.58,251.78,92.98,90.22,0.8622,-1,-1,-1
64,64828,1106.40,0.27,128.67,109.80,0.9156,-1,-1,-1
64,64831,1588.61,211.46,229.28,150.02,0.8509,-1,-1,-1
64,64833,267.13,577.06,122.73,96.93,0.5905,-1,-1,-1
64,64818,450.20,475.48,85.98,85.92,0.8723,-1,-1,-1
64,64822,920.08,251.82,137.17,124.01,0.8302,-1,-1,-1
64,64837,442.69,618.10,117.62,112.90,0.7977,-1,-1,-1
64,64775,1001.24,608.87,87.89,84.52,0.8254,-1,-1,-1
64,64817,674.39,448.96,101.14,89.49,0.7809,-1,-1,-1
64,64832,898.08,585.84,108.15,97.84,0.8003,-1,-1,-1
64,64806,715.62,386.19,133.08,130.09,0.6787,-1,-1,-1
64,64838,1060.55,204.89,112.88,106.43,0.7497,-1,-1,-1
65,64782,1264.42,253.20,90.33,82.54,0.8915,-1,-1,-1
65,64815,279.84,363.94,136.80,143.50,0.8382,-1,-1,-1
65,64814,477.80,250.90,95.46,92.61,0.8716,-1,-1,-1
65,64828,1097.19,0.42,131.69,112.39,0.8922,-1,-1,-1
65,64831,1583.02,223.38,227.16,150.58,0.8577,-1,-1,-1
65,64833,260.19,579.64,124.32,98.60,0.7301,-1,-1,-1
65,64818,440.12,473.43,87.35,87.40,0.6867,-1,-1,-1
65,64822,910.35,259.54,137.86,126.53,0.7808,-1,-1,-1
65,64837,440.86,620.95,119.77,115.09,0.8120,-1,-1,-1
65,64775,992.98,615.18,92.80,88.81,0.8852,-1,-1,-1
65,64817,664.59,440.66,98.98,88.99,0.5457,-1,-1,-1
65,64832,894.08,587.52,104.10,94.78,0.8712,-1,-1,-1
65,64806,711.26,395.78,133.68,131.79,0.8021,-1,-1,-1
65,64838,1048.98,186.48,110.79,103.77,0.8316,-1,-1,-1
66,64782,1259.20,256.55,91.55,83.57,0.9122,-1,-1,-1
66,64815,271.19,368.15,138.13,144.97,0.8731,-1,-1,-1
66,64814,473.38,252.27,95.76,92.63,0.8757,-1,-1,-1
66,64828,1086.49,0.46,135.12,116.25,0.9056,-1,-1,-1
66,64831,1577.25,238.94,220.45,148.13,0.8811,-1,-1,-1
66,64833,252.08,584.85,124.01,98.78,0.6097,-1,-1,-1
66,64818,430.22,472.82,87.99,86.78,0.7827,-1,-1,-1
66,64822,899.79,266.23,138.54,129.06,0.8431,-1,-1,-1
66,64837,438.66,627.05,117.78,113.72,0.7820,-1,-1,-1
66,64775,984.30,622.33,92.89,88.24,0.8474,-1,-1,-1
66,64817,649.57,431.73,100.47,93.36,0.4783,-1,-1,-1
66,64832,887.08,585.71,101.34,92.70,0.8870,-1,-1,-1
66,64806,699.11,401.60,139.51,138.62,0.6766,-1,-1,-1
66,64838,1031.22,171.07,111.81,103.74,0.8599,-1,-1,-1
66,64842,1422.10,655.41,94.50,89.75,0.9286,-1,-1,-1
66,64843,1064.33,277.05,76.76,63.77,0.8232,-1,-1,-1
66,64777,1164.26,694.06,185.67,185.07,0.8464,-1,-1,-1
66,64829,1324.91,787.71,279.32,283.25,0.8179,-1,-1,-1
67,64782,1254.99,262.20,92.57,84.51,0.9282,-1,-1,-1
67,64815,263.61,372.78,138.80,145.56,0.8471,-1,-1,-1
67,64814,467.73,253.75,95.38,92.50,0.8732,-1,-1,-1
67,64828,1075.96,1.05,141.58,123.53,0.9014,-1,-1,-1
67,64831,1570.10,253.73,217.59,148.43,0.8875,-1,-1,-1
67,64833,245.82,590.25,122.51,97.86,0.7841,-1,-1,-1
67,64818,418.63,474.74,86.22,82.64,0.7872,-1,-1,-1
67,64822,890.88,276.81,133.89,125.50,0.9196,-1,-1,-1
67,64837,433.30,634.68,115.65,111.85,0.7944,-1,-1,-1
67,64775,978.19,631.34,92.04,86.21,0.8658,-1,-1,-1
67,64817,644.37,424.33,96.83,91.50,0.7103,-1,-1,-1
67,64832,878.51,584.22,100.57,92.08,0.7959,-1,-1,-1
67,64806,689.89,416.44,136.59,135.66,0.7609,-1,-1,-1
67,64838,1019.97,162.03,112.54,103.39,0.8099,-1,-1,-1
67,64842,1401.14,635.28,92.26,87.63,0.8461,-1,-1,-1
67,64843,1056.60,271.39,83.29,69.42,0.8057,-1,-1,-1
67,64845,724.55,559.52,91.23,78.00,0.8818,-1,-1,-1
67,64846,1809.18,169.23,99.81,267.60,0.8528,-1,-1,-1
67,64777,1169.46,701.61,177.16,182.79,0.8189,-1,-1,-1
67,64829,1343.22,810.57,292.37,271.75,0.6543,-1,-1,-1
68,64782,1251.75,269.18,93.04,85.00,0.9181,-1,-1,-1
68,64815,255.97,379.94,140.80,147.40,0.8362,-1,-1,-1
68,64814,463.39,256.76,96.03,93.37,0.8491,-1,-1,-1
68,64828,1069.67,1.22,146.53,129.48,0.8407,-1,-1,-1
68,64831,1563.02,269.84,217.29,150.86,0.8879,-1,-1,-1
68,64833,239.91,597.26,119.93,96.16,0.7702,-1,-1,-1
68,64818,412.62,482.98,76.97,71.01,0.4331,-1,-1,-1
68,64822,880.84,286.39,134.40,126.49,0.9076,-1,-1,-1
68,64837,429.21,642.25,115.09,111.19,0.7955,-1,-1,-1
68,64775,971.66,643.60,93.23,86.39,0.8629,-1,-1,-1
68,64817,639.93,420.55,95.38,91.30,0.8617,-1,-1,-1
68,64832,872.56,583.46,98.93,90.63,0.8072,-1,-1,-1
68,64806,689.64,432.85,130.62,130.05,0.8355,-1,-1,-1
68,64838,1011.72,156.97,113.87,103.49,0.8480,-1,-1,-1
68,64842,1385.34,616.67,86.66,82.05,0.8952,-1,-1,-1
68,64843,1052.66,269.64,82.34,68.87,0.8166,-1,-1,-1
68,64845,720.26,551.33,82.30,70.13,0.5862,-1,-1,-1
68,64846,1796.36,146.12,103.83,276.02,0.9359,-1,-1,-1
68,64777,1175.15,709.26,172.24,181.71,0.7813,-1,-1,-1
68,64829,1368.91,840.66,287.10,245.89,0.5560,-1,-1,-1
69,64782,1249.41,277.86,93.61,85.66,0.9109,-1,-1,-1
69,64815,246.40,390.16,140.51,147.24,0.7996,-1,-1,-1
69,64814,459.48,262.56,95.16,92.24,0.8747,-1,-1,-1
69,64828,1057.54,1.52,153.53,139.07,0.8871,-1,-1,-1
69,64831,1558.86,288.96,209.35,147.42,0.8196,-1,-1,-1
69,64833,235.49,607.01,116.77,93.69,0.8460,-1,-1,-1
69,64818,407.38,494.80,71.24,62.77,0.5917,-1,-1,-1
69,64822,871.04,299.33,133.67,125.87,0.8655,-1,-1,-1
69,64837,423.99,651.61,115.03,110.86,0.8014,-1,-1,-1
69,64775,965.08,655.68,95.23,87.42,0.8132,-1,-1,-1
69,64817,637.40,419.68,92.46,88.07,0.7785,-1,-1,-1
69,64832,867.22,585.53,96.33,88.00,0.8676,-1,-1,-1
69,64806,683.88,449.11,136.52,137.11,0.7353,-1,-1,-1
69,64838,1004.11,155.05,114.29,103.59,0.8421,-1,-1,-1
69,64842,1364.78,600.34,83.72,79.05,0.9110,-1,-1,-1
69,64843,1047.11,266.09,84.08,70.70,0.7802,-1,-1,-1
69,64846,1781.05,114.70,110.10,287.93,0.9434,-1,-1,-1
69,64777,1181.33,718.96,168.98,180.68,0.7249,-1,-1,-1
69,64829,1395.33,879.38,265.76,208.38,0.4922,-1,-1,-1
70,64782,1245.32,286.56,95.86,88.25,0.9147,-1,-1,-1
70,64815,239.71,403.32,136.93,142.47,0.7646,-1,-1,-1
70,64814,455.03,268.80,95.11,92.31,0.8913,-1,-1,-1
70,64828,1047.43,4.67,161.38,150.45,0.8553,-1,-1,-1
70,64831,1552.03,306.77,205.06,146.54,0.9014,-1,-1,-1
70,64833,228.86,616.95,115.88,92.99,0.8100,-1,-1,-1
70,64822,862.23,313.34,133.09,125.03,0.8949,-1,-1,-1
70,64837,417.58,661.73,115.63,111.18,0.8421,-1,-1,-1
70,64775,958.55,666.45,95.15,86.62,0.8692,-1,-1,-1
70,64817,630.70,419.03,94.13,89.52,0.8840,-1,-1,-1
70,64832,861.09,588.10,95.32,87.04,0.8498,-1,-1,-1
70,64806,681.99,469.91,132.26,132.99,0.8005,-1,-1,-1
70,64838,997.93,154.48,115.54,104.80,0.8417,-1,-1,-1
70,64842,1345.25,584.56,84.56,79.73,0.8439,-1,-1,-1
70,64843,1043.66,266.35,83.02,70.25,0.8096,-1,-1,-1
70,64846,1768.91,96.22,114.02,290.42,0.9390,-1,-1,-1
70,64777,1185.69,729.02,165.89,179.67,0.7986,-1,-1,-1
70,64829,1420.41,918.98,236.10,167.85,0.1701,-1,-1,-1
70,64847,1032.77,747.69,150.35,130.58,0.8497,-1,-1,-1
70,64851,1186.32,640.73,105.71,90.59,0.8256,-1,-1,-1
70,64852,795.88,420.96,66.58,58.80,0.8075,-1,-1,-1
71,64782,1241.52,297.31,96.77,89.97,0.8674,-1,-1,-1
71,64815,230.88,414.17,137.47,142.00,0.7366,-1,-1,-1
71,64814,451.10,275.17,94.83,92.15,0.8849,-1,-1,-1
71,64828,1041.61,11.62,162.22,154.86,0.6035,-1,-1,-1
71,64831,1542.69,327.77,202.29,146.53,0.8952,-1,-1,-1
71,64833,215.95,622.51,115.50,92.81,0.6924,-1,-1,-1
71,64822,849.74,325.73,135.05,126.99,0.9200,-1,-1,-1
71,64837,407.56,670.80,116.83,112.95,0.6153,-1,-1,-1
71,64775,946.87,677.91,100.81,90.94,0.7868,-1,-1,-1
71,64817,620.52,418.00,104.78,101.23,0.4884,-1,-1,-1
71,64832,853.12,590.87,96.65,87.76,0.8835,-1,-1,-1
71,64806,675.77,487.05,133.10,134.24,0.5956,-1,-1,-1
71,64838,990.93,155.68,118.74,107.97,0.8141,-1,-1,-1
71,64842,1324.83,572.45,84.95,80.31,0.8614,-1,-1,-1
71,64843,1041.05,269.84,80.81,68.86,0.7836,-1,-1,-1
71,64846,1757.76,92.69,116.11,284.10,0.8718,-1,-1,-1
71,64777,1185.42,741.03,166.16,181.75,0.6897,-1,-1,-1
71,64847,1026.97,743.13,148.98,129.29,0.8503,-1,-1,-1
71,64851,1180.60,633.51,108.45,93.17,0.8342,-1,-1,-1
71,64852,789.58,427.98,67.03,59.07,0.6964,-1,-1,-1
72,64782,1238.84,309.56,96.59,90.56,0.8881,-1,-1,-1
72,64815,219.78,426.18,136.10,139.68,0.8373,-1,-1,-1
72,64814,446.98,283.02,93.57,90.91,0.8783,-1,-1,-1
72,64828,1037.40,24.90,157.82,154.70,0.7796,-1,-1,-1
72,64831,1533.43,350.32,198.38,145.79,0.9170,-1,-1,-1
72,64833,197.77,626.34,116.61,93.67,0.7096,-1,-1,-1
72,64822,837.08,342.35,135.88,127.65,0.8481,-1,-1,-1
72,64837,392.99,682.10,118.38,114.64,0.8033,-1,-1,-1
72,64775,941.43,684.69,104.04,93.99,0.8371,-1,-1,-1
72,64817,623.67,424.41,89.34,86.64,0.2472,-1,-1,-1
72,64832,844.12,596.29,96.87,87.62,0.8700,-1,-1,-1
72,64806,669.97,509.30,130.07,130.83,0.6840,-1,-1,-1
72,64838,985.37,159.56,116.75,106.64,0.8355,-1,-1,-1
72,64842,1303.98,563.11,88.89,84.14,0.8670,-1,-1,-1
72,64843,1034.54,274.89,82.18,70.61,0.8068,-1,-1,-1
72,64846,1734.02,25.63,145.68,347.66,0.9573,-1,-1,-1
72,64777,1186.91,754.90,162.40,179.79,0.8037,-1,-1,-1
72,64847,1004.80,738.53,152.68,132.89,0.8751,-1,-1,-1
72,64851,1173.68,627.93,111.45,96.01,0.8333,-1,-1,-1
72,64852,783.84,438.35,67.86,59.75,0.8148,-1,-1,-1
73,64782,1235.53,322.29,96.74,91.53,0.9007,-1,-1,-1
73,64815,210.22,437.91,136.47,138.57,0.7903,-1,-1,-1
73,64814,440.37,291.90,92.12,89.21,0.8636,-1,-1,-1
73,64828,1030.79,37.50,157.94,159.24,0.8121,-1,-1,-1
73,64831,1524.43,374.06,195.82,145.84,0.8711,-1,-1,-1
73,64833,177.70,629.05,119.84,96.35,0.4690,-1,-1,-1
73,64822,825.04,363.81,137.07,127.94,0.8789,-1,-1,-1
73,64837,384.00,696.78,114.23,110.13,0.8764,-1,-1,-1
73,64817,591.74,391.07,109.59,106.49,0.8522,-1,-1,-1
73,64832,833.71,603.78,97.27,87.74,0.7321,-1,-1,-1
73,64806,664.79,532.70,128.59,129.08,0.7077,-1,-1,-1
73,64838,980.10,164.89,117.54,108.47,0.8847,-1,-1,-1
73,64842,1290.65,557.75,89.10,84.46,0.8504,-1,-1,-1
73,64843,1030.04,281.36,79.70,68.70,0.8552,-1,-1,-1
73,64846,1722.25,23.73,152.51,349.80,0.9536,-1,-1,-1
73,64777,1186.67,768.25,161.72,181.68,0.6644,-1,-1,-1
73,64847,990.91,736.59,148.87,130.21,0.8575,-1,-1,-1
73,64851,1168.08,623.47,110.15,95.24,0.3156,-1,-1,-1
73,64852,775.09,446.45,71.92,63.43,0.7735,-1,-1,-1
73,64855,396.05,584.44,103.56,96.46,0.9018,-1,-1,-1
74,64782,1231.90,337.13,95.66,91.27,0.8863,-1,-1,-1
74,64815,199.58,451.33,133.33,133.30,0.8519,-1,-1,-1
74,64814,433.34,300.68,94.15,90.84,0.8563,-1,-1,-1
74,64828,1030.18,54.31,149.48,154.04,0.7287,-1,-1,-1
74,64831,1509.70,396.76,193.91,146.71,0.9062,-1,-1,-1
74,64833,156.95,632.22,122.20,98.51,0.6320,-1,-1,-1
74,64822,812.78,381.89,138.34,129.01,0.8652,-1,-1,-1
74,64837,373.27,707.21,114.33,109.46,0.8524,-1,-1,-1
74,64832,825.90,611.75,96.96,87.29,0.7798,-1,-1,-1
74,64806,659.38,554.67,128.22,128.05,0.8224,-1,-1,-1
74,64838,976.24,171.87,116.37,108.53,0.8615,-1,-1,-1
74,64842,1278.57,559.18,85.63,80.63,0.8551,-1,-1,-1
74,64843,1024.68,285.57,79.89,69.10,0.8549,-1,-1,-1
74,64846,1717.26,59.60,146.60,315.20,0.9488,-1,-1,-1
74,64777,1188.54,785.31,157.42,178.70,0.6352,-1,-1,-1
74,64847,984.42,733.33,146.10,128.38,0.9027,-1,-1,-1
74,64851,1164.10,619.77,107.09,92.87,0.3584,-1,-1,-1
74,64852,769.40,457.61,70.44,62.02,0.5689,-1,-1,-1
74,64855,388.20,579.25,111.20,104.16,0.7804,-1,-1,-1
75,64782,1230.11,349.18,95.05,91.07,0.9120,-1,-1,-1
75,64815,190.00,465.76,133.97,132.52,0.7890,-1,-1,-1
75,64814,427.21,311.64,93.08,89.09,0.8614,-1,-1,-1
75,64828,1025.90,70.01,144.37,151.17,0.8327,-1,-1,-1
75,64831,1504.04,421.62,188.05,143.99,0.8748,-1,-1,-1
75,64833,136.24,635.36,126.85,102.48,0.5270,-1,-1,-1
75,64822,798.75,401.48,138.76,129.58,0.9034,-1,-1,-1
75,64837,364.84,722.41,112.35,106.93,0.9137,-1,-1,-1
75,64832,818.87,620.70,97.21,87.75,0.8052,-1,-1,-1
75,64806,654.36,576.99,130.23,130.01,0.5750,-1,-1,-1
75,64838,970.31,177.89,117.27,111.10,0.8746,-1,-1,-1
75,64842,1271.50,565.08,82.48,76.63,0.8675,-1,-1,-1
75,64843,1020.83,291.92,78.50,68.22,0.8128,-1,-1,-1
75,64846,1708.91,80.24,149.65,300.99,0.9146,-1,-1,-1
75,64777,1171.02,800.60,162.83,181.33,0.1047,-1,-1,-1
75,64847,990.81,726.54,143.31,126.40,0.8487,-1,-1,-1
75,64851,1162.55,618.47,103.30,89.63,0.6062,-1,-1,-1
75,64852,758.30,468.85,73.07,65.00,0.2547,-1,-1,-1
75,64855,383.49,579.89,112.09,105.74,0.8558,-1,-1,-1
75,64817,607.24,354.70,108.00,104.98,0.8378,-1,-1,-1
76,64782,1229.28,362.66,92.54,88.99,0.9071,-1,-1,-1
76,64815,182.24,481.93,132.87,129.65,0.6407,-1,-1,-1
76,64814,422.07,322.31,92.24,87.04,0.8607,-1,-1,-1
76,64828,1023.47,86.49,141.08,150.50,0.8060,-1,-1,-1
76,64831,1496.90,445.25,184.85,143.09,0.9194,-1,-1,-1
76,64833,114.19,637.86,134.47,109.70,0.6291,-1,-1,-1
76,64822,786.17,420.46,139.18,130.01,0.9230,-1,-1,-1
76,64837,355.28,734.43,112.96,106.60,0.9111,-1,-1,-1
76,64832,813.17,628.78,97.53,88.23,0.8403,-1,-1,-1
76,64806,648.33,594.82,133.81,133.99,0.2292,-1,-1,-1
76,64838,965.34,183.63,116.57,112.23,0.8456,-1,-1,-1
76,64842,1265.68,571.56,80.99,74.26,0.8512,-1,-1,-1
76,64843,1017.47,297.91,79.78,69.77,0.7158,-1,-1,-1
76,64846,1694.75,93.43,165.48,314.90,0.9201,-1,-1,-1
76,64777,1181.91,815.93,161.46,182.18,0.6754,-1,-1,-1
76,64847,994.43,717.53,140.39,124.12,0.8909,-1,-1,-1
76,64851,1157.93,614.86,105.32,91.65,0.3847,-1,-1,-1
76,64852,752.65,481.70,67.34,60.32,0.6125,-1,-1,-1
76,64855,378.31,578.45,113.99,108.33,0.8746,-1,-1,-1
76,64859,256.69,688.22,122.50,107.87,0.8354,-1,-1,-1
76,64860,986.49,474.20,97.84,107.51,0.8889,-1,-1,-1
76,64817,621.22,338.20,108.67,105.42,0.8529,-1,-1,-1
77,64782,1227.70,373.49,92.30,89.23,0.9035,-1,-1,-1
77,64815,172.11,495.70,134.65,129.67,0.5407,-1,-1,-1
77,64814,415.23,331.17,93.78,88.05,0.8653,-1,-1,-1
77,64828,1020.28,103.63,137.36,149.01,0.7901,-1,-1,-1
77,64831,1490.62,467.49,182.09,142.35,0.8998,-1,-1,-1
77,64833,94.29,639.61,139.73,114.94,0.5244,-1,-1,-1
77,64822,772.57,439.36,141.04,132.14,0.9041,-1,-1,-1
77,64837,342.43,744.18,116.89,109.21,0.6777,-1,-1,-1
77,64832,808.13,636.70,96.57,87.63,0.8049,-1,-1,-1
77,64806,644.02,617.98,131.62,132.32,0.6576,-1,-1,-1
77,64838,961.87,190.13,115.87,112.90,0.7826,-1,-1,-1
77,64842,1258.11,577.16,81.90,74.32,0.8359,-1,-1,-1
77,64843,1015.09,304.27,76.82,67.26,0.7665,-1,-1,-1
77,64846,1688.10,101.07,169.48,302.02,0.9614,-1,-1,-1
77,64777,1185.06,833.11,161.77,184.61,0.3004,-1,-1,-1
77,64847,998.13,710.87,136.41,120.13,0.9127,-1,-1,-1
77,64851,1153.77,611.80,105.46,92.23,0.6439,-1,-1,-1
77,64855,373.38,577.57,116.02,111.54,0.8316,-1,-1,-1
77,64859,253.70,690.09,122.52,107.77,0.7506,-1,-1,-1
77,64860,987.31,445.22,96.79,105.92,0.8715,-1,-1,-1
77,64817,633.34,329.05,107.93,104.83,0.8367,-1,-1,-1
78,64782,1227.24,384.55,92.32,89.44,0.9108,-1,-1,-1
78,64815,162.19,507.54,136.34,129.03,0.5412,-1,-1,-1
78,64814,412.90,338.96,94.07,88.52,0.3881,-1,-1,-1
78,64828,1018.89,118.65,133.92,147.13,0.7203,-1,-1,-1
78,64831,1483.47,486.70,183.19,144.95,0.8405,-1,-1,-1
78,64833,78.55,642.24,142.69,118.17,0.6696,-1,-1,-1
78,64822,763.96,459.82,140.39,131.34,0.9390,-1,-1,-1
78,64832,803.28,645.38,96.31,87.56,0.8527,-1,-1,-1
78,64806,639.84,638.78,130.04,130.58,0.6808,-1,-1,-1
78,64838,959.98,198.59,112.67,110.74,0.7359,-1,-1,-1
78,64842,1247.12,579.28,85.93,76.85,0.7135,-1,-1,-1
78,64843,1013.62,307.74,76.62,67.41,0.6716,-1,-1,-1
78,64846,1680.69,106.30,176.48,295.07,0.9613,-1,-1,-1
78,64777,1186.54,848.91,158.74,183.05,0.4333,-1,-1,-1
78,64847,1000.01,704.77,134.46,117.83,0.9293,-1,-1,-1
78,64851,1151.85,609.56,102.66,89.78,0.8633,-1,-1,-1
78,64855,375.01,580.87,111.55,107.89,0.6716,-1,-1,-1
78,64859,248.84,691.95,124.58,109.51,0.2098,-1,-1,-1
78,64860,982.41,423.63,93.35,101.14,0.8815,-1,-1,-1
78,64817,645.92,321.43,109.16,105.77,0.8442,-1,-1,-1
79,64782,1229.44,393.38,92.75,90.53,0.8355,-1,-1,-1
79,64815,157.14,519.12,134.17,124.44,0.6687,-1,-1,-1
79,64814,417.24,348.64,94.69,91.52,0.6111,-1,-1,-1
79,64828,1020.28,132.31,127.78,141.77,0.7993,-1,-1,-1
79,64831,1481.84,505.99,180.53,144.35,0.8991,-1,-1,-1
79,64833,69.09,646.04,140.96,117.04,0.7753,-1,-1,-1
79,64822,756.85,478.23,141.19,131.91,0.9200,-1,-1,-1
79,64832,799.76,648.83,98.33,90.26,0.8379,-1,-1,-1
79,64806,639.30,658.56,127.02,126.85,0.8721,-1,-1,-1
79,64838,958.91,203.67,110.58,109.44,0.6910,-1,-1,-1
79,64842,1236.87,580.89,88.44,76.90,0.6620,-1,-1,-1
79,64843,1014.31,310.66,76.96,67.67,0.6479,-1,-1,-1
79,64846,1672.98,108.84,184.18,289.54,0.9478,-1,-1,-1
79,64777,1175.88,870.95,164.12,189.90,0.1237,-1,-1,-1
79,64847,1003.21,697.55,133.12,116.15,0.9040,-1,-1,-1
79,64851,1150.42,604.59,105.45,92.39,0.7456,-1,-1,-1
79,64855,384.64,584.40,91.49,87.30,0.1778,-1,-1,-1
79,64859,241.26,690.80,123.35,108.33,0.6833,-1,-1,-1
79,64860,972.19,404.03,95.92,102.87,0.8777,-1,-1,-1
79,64817,659.18,314.64,111.13,107.98,0.8942,-1,-1,-1
80,64782,1231.48,401.85,92.93,90.80,0.9114,-1,-1,-1
80,64815,154.62,541.47,121.56,108.45,0.7654,-1,-1,-1
80,64814,417.30,356.66,91.68,90.01,0.5999,-1,-1,-1
80,64828,1023.94,144.94,120.48,134.26,0.7636,-1,-1,-1
80,64831,1481.42,525.68,177.04,142.49,0.9104,-1,-1,-1
80,64833,58.88,648.86,140.66,116.78,0.7363,-1,-1,-1
80,64822,746.21,495.84,145.77,137.23,0.9016,-1,-1,-1
80,64832,796.66,655.63,98.28,91.09,0.8701,-1,-1,-1
80,64806,636.11,676.94,127.73,126.61,0.8879,-1,-1,-1
80,64838,958.92,211.13,108.21,107.68,0.5772,-1,-1,-1
80,64842,1235.27,586.03,90.22,77.57,0.7371,-1,-1,-1
80,64843,1011.17,312.98,76.04,67.82,0.4858,-1,-1,-1
80,64846,1665.54,113.41,191.20,283.90,0.9493,-1,-1,-1
80,64847,1002.90,691.99,134.94,117.37,0.9081,-1,-1,-1
80,64851,1152.66,602.51,104.50,91.11,0.7553,-1,-1,-1
80,64859,229.19,685.00,126.45,111.12,0.7530,-1,-1,-1
80,64860,963.39,384.81,102.69,109.34,0.8840,-1,-1,-1
80,64817,670.33,311.35,111.17,108.09,0.9080,-1,-1,-1
80,64862,564.03,442.34,110.28,107.19,0.8642,-1,-1,-1
80,64863,1340.15,664.52,85.67,85.37,0.8608,-1,-1,-1
81,64782,1236.13,410.85,91.27,89.02,0.9264,-1,-1,-1
81,64815,158.39,573.30,102.48,85.57,0.6856,-1,-1,-1
81,64814,423.65,364.08,84.23,84.69,0.5375,-1,-1,-1
81,64828,1021.73,155.28,120.99,135.88,0.6137,-1,-1,-1
81,64831,1479.55,546.67,175.25,142.04,0.8835,-1,-1,-1
81,64833,50.84,651.68,139.71,115.70,0.7514,-1,-1,-1
81,64822,737.64,515.08,149.64,142.43,0.9113,-1,-1,-1
81,64832,794.06,660.53,99.25,92.96,0.8426,-1,-1,-1
81,64806,633.69,693.67,127.72,125.87,0.9083,-1,-1,-1
81,64838,955.22,217.58,105.73,106.70,0.4509,-1,-1,-1
81,64842,1232.05,592.69,88.91,75.12,0.6492,-1,-1,-1
81,64843,1016.45,313.75,77.18,68.24,0.6527,-1,-1,-1
81,64846,1656.19,120.43,195.29,275.32,0.9339,-1,-1,-1
81,64847,1003.58,687.10,137.11,119.46,0.8979,-1,-1,-1
81,64851,1149.83,601.61,105.79,92.03,0.5962,-1,-1,-1
81,64859,213.82,674.89,133.78,118.32,0.7414,-1,-1,-1
81,64860,956.29,369.10,106.27,113.00,0.8790,-1,-1,-1
81,64817,679.90,309.48,111.37,108.59,0.9204,-1,-1,-1
81,64862,559.79,444.19,109.75,106.77,0.9063,-1,-1,-1
81,64863,1348.27,666.85,85.00,84.84,0.8724,-1,-1,-1
82,64782,1241.83,416.88,90.69,88.46,0.9068,-1,-1,-1
82,64814,428.61,369.35,82.79,86.02,0.5223,-1,-1,-1
82,64828,1016.48,163.19,126.20,142.88,0.6655,-1,-1,-1
82,64831,1481.14,561.63,176.79,144.26,0.8677,-1,-1,-1
82,64833,49.19,657.27,136.16,112.42,0.7428,-1,-1,-1
82,64822,733.80,532.62,148.88,143.05,0.9203,-1,-1,-1
82,64832,795.94,665.96,96.62,91.31,0.8786,-1,-1,-1
82,64806,634.10,707.27,129.15,126.66,0.9006,-1,-1,-1
82,64838,954.99,220.02,105.48,108.08,0.2962,-1,-1,-1
82,64842,1218.87,587.43,100.48,83.59,0.3652,-1,-1,-1
82,64843,1017.86,316.12,75.06,66.61,0.6296,-1,-1,-1
82,64846,1650.78,122.26,201.05,269.97,0.9394,-1,-1,-1
82,64847,1007.29,680.66,138.00,120.73,0.9160,-1,-1,-1
82,64851,1147.63,596.47,109.03,94.92,0.4425,-1,-1,-1
82,64859,210.63,670.07,132.74,117.66,0.8060,-1,-1,-1
82,64860,955.54,353.70,105.63,112.57,0.8382,-1,-1,-1
82,64817,690.68,306.46,112.47,110.19,0.9300,-1,-1,-1
82,64862,559.67,444.25,106.06,103.40,0.8103,-1,-1,-1
82,64863,1361.37,666.93,83.55,83.49,0.8774,-1,-1,-1
82,64865,1760.74,496.27,136.38,169.94,0.8913,-1,-1,-1
83,64782,1246.04,419.42,91.87,89.66,0.9205,-1,-1,-1
83,64814,429.51,374.57,83.07,88.80,0.1720,-1,-1,-1
83,64828,1013.90,171.13,125.78,142.87,0.6932,-1,-1,-1
83,64831,1479.09,575.43,179.02,147.18,0.8552,-1,-1,-1
83,64822,730.98,549.27,147.65,142.74,0.9128,-1,-1,-1
83,64832,797.63,674.46,91.08,85.92,0.8910,-1,-1,-1
83,64806,639.81,719.33,121.25,116.75,0.7145,-1,-1,-1
83,64838,955.65,225.39,99.86,103.82,0.1595,-1,-1,-1
83,64843,1020.37,315.90,71.86,63.94,0.5611,-1,-1,-1
83,64846,1643.63,121.46,207.23,265.66,0.9369,-1,-1,-1
83,64847,1007.63,674.69,141.20,124.39,0.8730,-1,-1,-1
83,64851,1162.76,584.23,123.87,103.61,0.8160,-1,-1,-1
83,64859,205.03,669.49,126.55,111.48,0.7844,-1,-1,-1
83,64860,957.46,339.58,102.89,109.67,0.8950,-1,-1,-1
83,64817,698.52,302.05,115.09,113.16,0.9127,-1,-1,-1
83,64862,559.18,443.08,103.45,101.22,0.8480,-1,-1,-1
83,64863,1373.01,663.33,82.60,82.40,0.8718,-1,-1,-1
83,64865,1738.21,447.64,127.62,157.27,0.9238,-1,-1,-1
84,64782,1248.52,425.63,92.98,90.49,0.8830,-1,-1,-1
84,64814,421.96,380.64,85.05,92.18,0.5831,-1,-1,-1
84,64828,989.65,181.36,131.43,145.16,0.6035,-1,-1,-1
84,64831,1477.67,592.60,175.85,145.04,0.8745,-1,-1,-1
84,64822,721.39,568.65,158.88,155.31,0.9010,-1,-1,-1
84,64806,644.69,734.01,108.57,101.27,0.6499,-1,-1,-1
84,64843,1017.29,315.89,70.76,62.24,0.5612,-1,-1,-1
84,64846,1631.46,128.33,209.22,256.26,0.9354,-1,-1,-1
84,64847,1007.47,672.74,142.43,126.37,0.8075,-1,-1,-1
84,64851,1163.13,581.53,131.25,105.60,0.6630,-1,-1,-1
84,64859,210.65,690.38,102.56,87.84,0.8907,-1,-1,-1
84,64860,957.58,330.74,100.78,107.11,0.8570,-1,-1,-1
84,64817,707.16,302.07,115.39,113.76,0.8628,-1,-1,-1
84,64862,558.23,442.52,101.43,99.53,0.7717,-1,-1,-1
84,64863,1380.95,663.44,82.58,82.23,0.8536,-1,-1,-1
84,64865,1689.19,392.27,128.96,156.42,0.8661,-1,-1,-1
84,64855,395.76,598.05,90.59,84.85,0.8291,-1,-1,-1
85,64782,1253.03,431.84,94.23,90.98,0.8505,-1,-1,-1
85,64814,416.94,390.31,86.38,93.44,0.4849,-1,-1,-1
85,64828,981.28,192.53,130.33,140.01,0.6715,-1,-1,-1
85,64831,1477.25,611.23,175.01,144.70,0.8949,-1,-1,-1
85,64822,704.95,563.44,176.99,177.32,0.8174,-1,-1,-1
85,64843,1023.37,317.37,69.53,61.84,0.3610,-1,-1,-1
85,64846,1618.02,130.60,214.10,251.73,0.8920,-1,-1,-1
85,64847,1005.62,672.73,147.26,132.17,0.8691,-1,-1,-1
85,64851,1161.39,582.75,136.50,106.19,0.5160,-1,-1,-1
85,64860,959.45,323.09,98.03,103.75,0.8345,-1,-1,-1
85,64817,714.60,303.58,116.07,115.07,0.8946,-1,-1,-1
85,64862,558.35,444.50,107.03,105.86,0.5204,-1,-1,-1
85,64863,1389.77,663.02,82.07,81.49,0.8096,-1,-1,-1
85,64865,1663.51,353.42,122.66,144.76,0.9027,-1,-1,-1
85,64855,406.22,601.40,89.84,83.91,0.8376,-1,-1,-1
86,64782,1251.97,437.40,94.31,91.09,0.9072,-1,-1,-1
86,64814,407.66,399.72,86.34,90.76,0.8103,-1,-1,-1
86,64828,975.76,206.80,128.31,133.81,0.6804,-1,-1,-1
86,64831,1472.54,627.67,178.45,148.18,0.8734,-1,-1,-1
86,64822,715.75,602.55,144.19,142.07,0.8961,-1,-1,-1
86,64843,1027.68,320.90,67.91,61.14,0.2745,-1,-1,-1
86,64846,1601.65,137.05,217.59,245.58,0.9030,-1,-1,-1
86,64847,1011.35,672.82,138.84,125.53,0.8869,-1,-1,-1
86,64851,1161.56,588.75,132.32,99.82,0.1338,-1,-1,-1
86,64860,960.04,313.96,98.01,102.85,0.7262,-1,-1,-1
86,64817,718.65,305.71,119.54,118.96,0.8993,-1,-1,-1
86,64862,563.61,446.16,107.08,106.66,0.4799,-1,-1,-1
86,64863,1395.31,662.95,82.68,81.86,0.8496,-1,-1,-1
86,64865,1646.55,334.09,107.22,120.73,0.5787,-1,-1,-1
86,64855,413.33,604.05,89.46,84.11,0.6837,-1,-1,-1
87,64782,1250.91,442.32,95.47,92.33,0.8920,-1,-1,-1
87,64814,400.85,408.40,87.15,88.74,0.8367,-1,-1,-1
87,64828,984.09,216.19,120.05,122.82,0.6566,-1,-1,-1
87,64831,1468.43,645.26,177.35,147.39,0.9057,-1,-1,-1
87,64822,715.72,632.19,120.75,117.85,0.7665,-1,-1,-1
87,64846,1582.55,145.76,223.92,243.30,0.8681,-1,-1,-1
87,64847,1019.14,671.51,128.96,117.74,0.8226,-1,-1,-1
87,64851,1150.93,587.14,139.81,103.04,0.2413,-1,-1,-1
87,64860,957.49,306.33,100.51,104.45,0.7320,-1,-1,-1
87,64817,723.10,305.59,120.51,120.80,0.9029,-1,-1,-1
87,64862,564.04,445.89,108.22,107.55,0.3613,-1,-1,-1
87,64863,1399.09,660.93,83.57,82.67,0.8050,-1,-1,-1
87,64855,416.38,604.83,89.53,85.08,0.6016,-1,-1,-1
88,64782,1250.52,446.76,96.13,93.04,0.9228,-1,-1,-1
88,64814,395.38,415.42,88.28,86.65,0.7913,-1,-1,-1
88,64828,992.33,218.16,114.95,115.90,0.7378,-1,-1,-1
88,64831,1462.00,662.21,179.56,149.25,0.9057,-1,-1,-1
88,64822,697.85,656.90,120.43,119.50,0.3340,-1,-1,-1
88,64846,1569.54,154.98,227.75,238.22,0.9221,-1,-1,-1
88,64847,1032.76,669.57,115.62,107.37,0.4578,-1,-1,-1
88,64851,1140.59,582.62,149.44,108.26,0.3591,-1,-1,-1
88,64860,950.14,305.11,101.87,104.92,0.7857,-1,-1,-1
88,64817,727.41,355.33,109.78,110.07,0.8104,-1,-1,-1
88,64862,569.02,443.52,108.62,107.07,0.5460,-1,-1,-1
88,64863,1402.82,661.03,83.07,82.05,0.8453,-1,-1,-1
88,64855,413.05,605.13,89.83,85.05,0.7172,-1,-1,-1
89,64782,1248.97,452.59,96.21,93.21,0.9265,-1,-1,-1
89,64814,385.09,419.79,92.07,88.60,0.8070,-1,-1,-1
89,64828,999.84,216.50,112.70,113.27,0.7579,-1,-1,-1
89,64831,1456.37,678.71,181.81,151.30,0.8854,-1,-1,-1
89,64822,678.06,679.30,124.16,128.04,0.1594,-1,-1,-1
89,64846,1554.46,167.06,229.98,231.50,0.9283,-1,-1,-1
89,64851,1130.53,580.05,158.92,114.00,0.6031,-1,-1,-1
89,64860,940.24,310.11,100.39,103.17,0.8127,-1,-1,-1
89,64817,721.93,372.72,100.90,100.92,0.8511,-1,-1,-1
89,64862,588.17,443.65,93.37,90.62,0.7092,-1,-1,-1
89,64863,1405.44,661.08,83.08,81.84,0.8431,-1,-1,-1
89,64855,402.43,605.82,91.71,85.62,0.9046,-1,-1,-1
90,64782,1245.94,458.80,97.99,94.88,0.9014,-1,-1,-1
90,64814,376.01,426.21,92.48,87.59,0.8636,-1,-1,-1
90,64828,1004.77,212.22,114.10,115.57,0.4724,-1,-1,-1
90,64831,1446.89,697.91,181.90,151.27,0.9097,-1,-1,-1
90,64822,682.03,707.22,133.47,136.78,0.8883,-1,-1,-1
90,64846,1537.45,175.27,237.38,231.45,0.9176,-1,-1,-1
90,64860,932.93,319.55,98.51,100.38,0.7977,-1,-1,-1
90,64817,711.16,373.15,99.48,99.06,0.8713,-1,-1,-1
90,64862,597.46,441.27,88.49,84.69,0.7151,-1,-1,-1
90,64863,1406.19,660.48,84.09,82.42,0.7942,-1,-1,-1
90,64855,395.84,605.42,93.44,86.46,0.8932,-1,-1,-1
90,64869,743.71,216.09,119.46,123.23,0.8810,-1,-1,-1
90,64847,1000.62,671.51,132.26,123.57,0.8726,-1,-1,-1
91,64782,1244.47,465.69,100.27,97.59,0.5844,-1,-1,-1
91,64814,369.60,431.72,94.11,87.69,0.8500,-1,-1,-1
91,64828,1005.63,208.82,117.76,120.34,0.7194,-1,-1,-1
91,64831,1441.29,715.60,181.41,150.91,0.8343,-1,-1,-1
91,64822,675.71,728.52,142.41,146.25,0.8302,-1,-1,-1
91,64846,1515.80,170.22,258.64,247.38,0.9095,-1,-1,-1
91,64860,920.89,325.58,102.51,103.33,0.6448,-1,-1,-1
91,64862,605.84,440.59,86.69,81.55,0.8082,-1,-1,-1
91,64863,1409.37,660.97,84.00,81.56,0.7985,-1,-1,-1
91,64855,390.63,605.22,95.81,88.29,0.8783,-1,-1,-1
91,64869,746.03,163.73,138.24,142.93,0.8110,-1,-1,-1
91,64847,990.99,674.49,133.61,125.77,0.8817,-1,-1,-1
92,64814,362.96,438.01,94.81,87.61,0.8517,-1,-1,-1
92,64828,1003.48,200.46,125.37,129.98,0.6855,-1,-1,-1
92,64831,1438.55,733.67,181.28,150.84,0.8642,-1,-1,-1
92,64822,671.71,748.13,140.89,143.99,0.7469,-1,-1,-1
92,64846,1495.38,157.75,284.24,270.35,0.9020,-1,-1,-1
92,64860,921.68,340.21,95.79,95.27,0.8080,-1,-1,-1
92,64862,610.44,438.75,89.57,82.93,0.8622,-1,-1,-1
92,64863,1413.09,661.50,81.42,78.27,0.8398,-1,-1,-1
92,64855,388.54,606.34,98.28,90.90,0.8750,-1,-1,-1
92,64869,755.79,117.51,139.05,143.98,0.9307,-1,-1,-1
92,64847,982.56,684.27,132.41,124.91,0.9054,-1,-1,-1
93,64814,359.68,448.31,94.01,86.19,0.9166,-1,-1,-1
93,64828,1006.47,192.35,131.05,138.52,0.7411,-1,-1,-1
93,64831,1435.58,751.52,182.71,152.14,0.9110,-1,-1,-1
93,64846,1478.58,146.66,305.78,291.11,0.8990,-1,-1,-1
93,64860,919.05,348.66,94.66,92.86,0.8869,-1,-1,-1
93,64862,617.88,440.20,89.50,81.68,0.8472,-1,-1,-1
93,64863,1415.90,661.86,82.10,78.23,0.8588,-1,-1,-1
93,64855,390.42,609.49,97.71,90.83,0.8981,-1,-1,-1
93,64869,768.13,78.46,130.13,133.94,0.8850,-1,-1,-1
93,64847,974.00,696.61,131.84,124.87,0.8625,-1,-1,-1
93,64851,1174.12,607.61,115.99,85.64,0.8132,-1,-1,-1
93,64817,669.96,368.84,98.37,96.17,0.8818,-1,-1,-1
94,64814,357.92,458.41,93.21,84.77,0.9162,-1,-1,-1
94,64828,1007.81,184.02,135.64,145.53,0.8324,-1,-1,-1
94,64831,1429.58,767.23,189.55,158.22,0.6850,-1,-1,-1
94,64846,1494.55,197.70,271.99,251.18,0.6324,-1,-1,-1
94,64860,915.89,353.04,96.20,93.60,0.8934,-1,-1,-1
94,64862,625.73,442.60,89.58,80.48,0.7867,-1,-1,-1
94,64863,1419.29,662.23,85.17,80.90,0.8591,-1,-1,-1
94,64855,391.95,614.24,97.97,91.96,0.8884,-1,-1,-1
94,64869,772.48,16.85,142.41,147.07,0.9110,-1,-1,-1
94,64847,963.37,710.22,132.55,126.16,0.8807,-1,-1,-1
94,64851,1184.96,618.13,106.59,81.37,0.6357,-1,-1,-1
94,64817,652.05,366.41,100.37,95.84,0.8756,-1,-1,-1
95,64814,355.10,468.17,93.69,84.58,0.9349,-1,-1,-1
95,64828,1013.54,181.75,132.51,143.40,0.8395,-1,-1,-1
95,64831,1406.36,748.27,229.28,196.19,0.2186,-1,-1,-1
95,64846,1497.14,225.94,264.25,238.51,0.8655,-1,-1,-1
95,64860,912.67,353.26,101.15,97.98,0.8264,-1,-1,-1
95,64863,1420.90,662.59,89.37,84.82,0.7888,-1,-1,-1
95,64855,390.77,619.40,101.21,96.05,0.8402,-1,-1,-1
95,64869,783.91,-7.56,133.12,136.85,0.9125,-1,-1,-1
95,64847,950.29,723.52,132.93,127.96,0.7693,-1,-1,-1
95,64851,1186.85,623.50,100.68,78.97,0.7646,-1,-1,-1
95,64817,635.69,365.04,109.82,104.53,0.4857,-1,-1,-1
95,64859,33.34,668.90,154.49,122.89,0.8186,-1,-1,-1
96,64814,351.02,476.79,95.42,85.84,0.8973,-1,-1,-1
96,64828,1019.41,180.65,128.94,139.79,0.7013,-1,-1,-1
96,64831,1415.66,787.54,206.01,176.86,0.2806,-1,-1,-1
96,64846,1494.48,242.45,266.97,235.97,0.7220,-1,-1,-1
96,64860,905.40,348.87,110.73,108.49,0.2700,-1,-1,-1
96,64863,1424.02,665.30,89.90,85.00,0.8109,-1,-1,-1
96,64855,391.30,623.59,103.03,99.09,0.8439,-1,-1,-1
96,64869,791.35,-12.93,111.47,109.78,0.8254,-1,-1,-1
96,64847,937.02,740.89,133.68,129.86,0.9184,-1,-1,-1
96,64851,1188.35,629.18,97.77,78.77,0.8164,-1,-1,-1
96,64817,617.83,319.74,151.08,145.62,0.8896,-1,-1,-1
96,64872,502.13,334.16,107.39,133.84,0.8293,-1,-1,-1
96,64859,15.12,674.28,173.03,134.19,0.7966,-1,-1,-1
96,64862,638.37,448.09,85.34,75.27,0.8666,-1,-1,-1
97,64814,346.12,484.63,98.84,89.03,0.8628,-1,-1,-1
97,64828,1028.46,184.24,117.02,125.17,0.8507,-1,-1,-1
97,64831,1422.11,818.46,190.93,163.65,0.9273,-1,-1,-1
97,64846,1493.55,259.48,268.65,233.30,0.7756,-1,-1,-1
97,64860,898.71,341.50,123.33,122.95,0.5855,-1,-1,-1
97,64863,1427.65,669.13,88.93,84.17,0.8478,-1,-1,-1
97,64855,392.23,625.91,102.33,99.38,0.8868,-1,-1,-1
97,64869,822.60,-10.09,78.53,73.24,0.8018,-1,-1,-1
97,64847,928.72,751.79,132.20,129.36,0.9139,-1,-1,-1
97,64851,1186.90,633.67,99.06,81.81,0.6704,-1,-1,-1
97,64817,615.71,340.35,124.73,120.31,0.8247,-1,-1,-1
97,64872,507.42,327.59,103.47,128.50,0.8255,-1,-1,-1
97,64859,2.04,683.87,190.06,146.70,0.8014,-1,-1,-1
97,64873,1436.74,90.11,160.18,132.21,0.9204,-1,-1,-1
97,64874,215.26,614.62,108.99,93.73,0.8467,-1,-1,-1
97,64875,523.82,503.21,84.33,66.69,0.8045,-1,-1,-1
97,64862,644.71,450.75,83.09,72.28,0.8609,-1,-1,-1
98,64814,341.80,494.57,96.86,86.65,0.6976,-1,-1,-1
98,64828,1032.74,191.47,110.72,115.85,0.5989,-1,-1,-1
98,64831,1416.05,825.99,191.49,164.69,0.2069,-1,-1,-1
98,64846,1492.05,276.93,271.45,232.16,0.6679,-1,-1,-1
98,64860,884.16,327.96,141.27,145.65,0.6861,-1,-1,-1
98,64863,1428.64,672.20,89.70,85.18,0.6260,-1,-1,-1
98,64847,922.65,756.97,130.05,127.71,0.8604,-1,-1,-1
98,64851,1186.70,643.96,94.42,79.79,0.6785,-1,-1,-1
98,64817,605.84,349.41,114.37,110.70,0.8454,-1,-1,-1
98,64872,508.59,322.66,99.63,122.83,0.8169,-1,-1,-1
98,64859,-10.20,681.80,204.69,159.99,0.6401,-1,-1,-1
98,64873,1428.95,82.46,163.05,134.36,0.7893,-1,-1,-1
98,64874,211.89,621.43,108.57,93.31,0.8187,-1,-1,-1
98,64862,647.69,450.25,84.48,73.34,0.9104,-1,-1,-1
99,64828,1030.98,201.42,116.76,121.16,0.4724,-1,-1,-1
99,64846,1493.47,297.16,267.01,224.18,0.9058,-1,-1,-1
99,64860,877.24,328.45,141.70,151.31,0.6887,-1,-1,-1
99,64847,917.60,755.46,128.99,126.83,0.8412,-1,-1,-1
99,64851,1187.69,653.46,89.10,76.51,0.8199,-1,-1,-1
99,64817,594.43,351.86,110.47,107.73,0.7774,-1,-1,-1
99,64872,505.88,316.96,100.27,122.19,0.6423,-1,-1,-1
99,64859,-50.23,611.48,275.32,227.56,0.4973,-1,-1,-1
99,64873,1419.31,75.55,161.31,132.66,0.8591,-1,-1,-1
99,64874,220.59,633.27,105.83,90.37,0.2343,-1,-1,-1
99,64862,649.72,450.84,84.68,73.46,0.9011,-1,-1,-1
99,64855,393.43,639.43,96.50,93.83,0.8767,-1,-1,-1
99,64875,516.33,513.78,83.38,66.07,0.8604,-1,-1,-1