0,394,1241.91,446.51,76.93,74.61,0.8392,-1,-1,-1
0,395,1489.71,141.53,94.09,87.36,0.8362,-1,-1,-1
0,396,1326.26,418.62,79.98,71.03,0.8218,-1,-1,-1
0,397,1389.91,297.11,94.08,91.55,0.8025,-1,-1,-1
0,398,1164.54,49.01,114.98,99.01,0.7978,-1,-1,-1
0,399,1605.89,585.66,90.88,86.38,0.7802,-1,-1,-1
0,400,1056.38,380.95,91.38,88.49,0.7719,-1,-1,-1
0,401,1079.43,4.19,95.11,72.74,0.7555,-1,-1,-1
0,402,1209.16,264.11,92.04,83.18,0.7248,-1,-1,-1
0,403,1326.12,714.03,71.45,67.50,0.5285,-1,-1,-1
0,404,1364.82,382.51,66.29,61.66,0.5205,-1,-1,-1
1,395,1488.07,130.88,93.04,86.42,0.8618,-1,-1,-1
1,396,1322.43,407.70,81.39,72.37,0.8452,-1,-1,-1
1,397,1393.53,319.29,94.87,92.30,0.8243,-1,-1,-1
1,398,1163.10,64.39,117.09,100.83,0.7975,-1,-1,-1
1,399,1604.87,568.70,90.06,85.76,0.6852,-1,-1,-1
1,400,1055.00,399.93,93.68,90.68,0.7864,-1,-1,-1
1,401,1075.66,14.99,99.23,76.02,0.7862,-1,-1,-1
1,402,1208.77,283.70,87.19,78.94,0.8740,-1,-1,-1
1,403,1327.74,706.27,69.20,65.23,0.6603,-1,-1,-1
1,404,1364.04,376.48,62.21,57.84,0.6562,-1,-1,-1
2,395,1482.32,118.44,95.59,88.90,0.8357,-1,-1,-1
2,396,1319.69,395.57,82.31,73.36,0.8246,-1,-1,-1
2,397,1396.89,343.23,93.75,91.20,0.7904,-1,-1,-1
2,398,1164.17,82.83,116.88,100.75,0.8422,-1,-1,-1
2,399,1606.40,554.63,86.55,82.48,0.7307,-1,-1,-1
2,400,1053.38,422.14,93.95,90.80,0.7676,-1,-1,-1
2,401,1073.24,28.25,99.23,76.12,0.8193,-1,-1,-1
2,402,1211.25,305.20,86.91,78.89,0.7478,-1,-1,-1
2,403,1324.18,696.67,74.19,69.99,0.6012,-1,-1,-1
3,395,1478.47,105.12,96.55,89.90,0.8449,-1,-1,-1
3,396,1318.77,383.90,79.39,70.91,0.8307,-1,-1,-1
3,397,1400.96,370.16,90.54,87.93,0.8091,-1,-1,-1
3,398,1164.26,103.60,117.75,101.74,0.8575,-1,-1,-1
3,399,1607.20,537.28,85.97,81.71,0.6882,-1,-1,-1
3,400,1049.34,448.88,93.82,90.56,0.8507,-1,-1,-1
3,401,1071.88,43.33,102.48,79.03,0.7804,-1,-1,-1
3,402,1212.35,327.00,88.68,80.81,0.8787,-1,-1,-1
3,403,1321.23,687.71,77.84,73.61,0.4868,-1,-1,-1
3,405,1239.77,509.14,99.91,75.06,0.7763,-1,-1,-1
3,404,1359.68,355.76,64.60,60.15,0.6379,-1,-1,-1
4,395,1474.34,92.46,96.26,89.73,0.8430,-1,-1,-1
4,396,1317.07,371.53,79.73,71.46,0.8606,-1,-1,-1
4,397,1404.85,412.33,106.64,103.91,0.7829,-1,-1,-1
4,398,1163.45,124.93,118.63,102.72,0.8837,-1,-1,-1
4,399,1605.70,518.97,86.77,82.47,0.6593,-1,-1,-1
4,400,1045.33,475.48,93.13,89.77,0.8525,-1,-1,-1
4,401,1071.05,59.17,103.63,80.36,0.8058,-1,-1,-1
4,402,1211.04,350.50,89.61,81.84,0.8604,-1,-1,-1
4,403,1319.02,676.94,77.83,73.67,0.6516,-1,-1,-1
4,404,1358.87,345.40,64.55,59.96,0.6636,-1,-1,-1
5,395,1472.33,83.54,91.48,85.30,0.8673,-1,-1,-1
5,396,1315.13,359.57,78.37,70.46,0.7961,-1,-1,-1
5,397,1399.27,412.54,116.34,113.79,0.8007,-1,-1,-1
5,398,1162.07,146.09,121.57,105.76,0.8434,-1,-1,-1
5,399,1602.92,502.98,87.59,83.36,0.7479,-1,-1,-1
5,400,1043.65,501.19,92.28,88.69,0.4192,-1,-1,-1
5,401,1070.23,74.40,105.24,82.19,0.7984,-1,-1,-1
5,402,1214.21,375.19,88.95,81.40,0.8708,-1,-1,-1
5,403,1317.78,668.66,76.21,72.07,0.6756,-1,-1,-1
5,404,1356.35,337.09,62.42,57.94,0.7535,-1,-1,-1
6,395,1471.09,74.61,88.25,82.21,0.8988,-1,-1,-1
6,396,1313.56,347.55,77.26,69.73,0.7631,-1,-1,-1
6,397,1400.40,397.41,109.52,106.76,0.8279,-1,-1,-1
6,398,1163.62,170.26,120.16,105.13,0.8748,-1,-1,-1
6,399,1602.92,487.49,84.15,80.00,0.6325,-1,-1,-1
6,400,1038.96,525.75,91.67,88.09,0.1140,-1,-1,-1
6,401,1070.04,92.44,105.47,83.10,0.8265,-1,-1,-1
6,402,1214.96,397.98,89.45,82.12,0.8267,-1,-1,-1
6,403,1318.41,660.67,73.49,69.28,0.7225,-1,-1,-1
6,404,1353.35,327.84,63.03,58.78,0.7289,-1,-1,-1
7,395,1465.51,55.72,88.56,82.59,0.8258,-1,-1,-1
7,396,1313.15,319.96,86.57,78.12,0.4559,-1,-1,-1
7,398,1163.76,210.69,118.72,104.56,0.8664,-1,-1,-1
7,399,1599.62,461.72,84.46,80.34,0.6497,-1,-1,-1
7,401,1069.68,123.47,105.45,83.80,0.8090,-1,-1,-1
7,403,1315.51,645.66,76.92,72.34,0.7362,-1,-1,-1
7,394,1217.58,448.03,88.54,86.29,0.8174,-1,-1,-1
7,405,1272.80,508.94,82.72,62.35,0.5348,-1,-1,-1
8,395,1460.62,41.76,90.18,84.37,0.8720,-1,-1,-1
8,396,1312.71,306.49,86.16,77.58,0.3650,-1,-1,-1
8,398,1163.86,242.92,117.67,104.40,0.8282,-1,-1,-1
8,399,1596.10,442.42,82.98,78.74,0.5580,-1,-1,-1
8,401,1070.87,148.61,104.23,83.81,0.7085,-1,-1,-1
8,403,1312.80,634.62,80.83,76.15,0.6737,-1,-1,-1
8,409,1391.59,322.23,107.81,101.65,0.8328,-1,-1,-1
8,394,1216.60,466.09,88.70,86.84,0.7915,-1,-1,-1
8,405,1276.16,496.06,85.30,65.30,0.6995,-1,-1,-1
9,395,1458.23,32.42,87.19,81.53,0.8564,-1,-1,-1
9,396,1310.91,296.90,84.70,75.68,0.3903,-1,-1,-1
9,398,1164.09,271.43,117.22,104.74,0.9004,-1,-1,-1
9,399,1594.63,426.14,82.03,77.88,0.8243,-1,-1,-1
9,401,1073.83,172.35,99.21,80.43,0.8487,-1,-1,-1
9,403,1311.03,625.05,81.33,77.08,0.6227,-1,-1,-1
9,409,1388.02,302.97,109.46,103.18,0.8794,-1,-1,-1
9,394,1215.53,488.98,88.04,86.42,0.7832,-1,-1,-1
9,405,1275.09,488.03,85.14,66.18,0.4124,-1,-1,-1
10,395,1453.32,22.43,87.43,81.87,0.8539,-1,-1,-1
10,396,1305.54,288.62,82.92,74.50,0.5708,-1,-1,-1
10,398,1163.98,297.06,117.92,106.23,0.8886,-1,-1,-1
10,399,1594.35,412.28,80.36,76.41,0.8350,-1,-1,-1
10,401,1072.95,191.12,100.11,82.56,0.7971,-1,-1,-1
10,403,1309.93,616.47,79.13,75.08,0.4409,-1,-1,-1
10,409,1385.63,282.51,108.22,102.07,0.8339,-1,-1,-1
10,394,1216.98,514.26,88.09,86.26,0.6380,-1,-1,-1
10,411,1238.03,687.37,76.37,71.59,0.6273,-1,-1,-1
11,395,1450.15,13.52,86.25,80.74,0.8247,-1,-1,-1
11,396,1304.96,277.81,83.20,74.14,0.4134,-1,-1,-1
11,398,1165.22,325.52,116.03,105.04,0.8639,-1,-1,-1
11,399,1592.82,398.42,79.56,75.72,0.7827,-1,-1,-1
11,401,1073.70,214.01,96.21,80.08,0.8628,-1,-1,-1
11,409,1384.44,262.89,107.16,101.09,0.8549,-1,-1,-1
11,394,1218.31,540.42,88.75,86.63,0.7080,-1,-1,-1
11,411,1238.86,710.28,72.82,68.27,0.7900,-1,-1,-1
12,395,1446.12,2.87,86.92,81.26,0.7812,-1,-1,-1
12,396,1302.98,268.04,82.71,72.98,0.1470,-1,-1,-1
12,398,1163.92,352.54,118.65,108.74,0.8662,-1,-1,-1
12,399,1591.15,384.66,80.06,76.25,0.8499,-1,-1,-1
12,401,1070.79,232.18,98.75,83.26,0.7411,-1,-1,-1
12,409,1379.64,244.67,106.10,99.92,0.8535,-1,-1,-1
12,394,1218.63,568.14,86.13,83.85,0.7003,-1,-1,-1
12,411,1237.27,735.85,72.63,68.04,0.5050,-1,-1,-1
12,403,1309.68,599.61,75.56,71.60,0.5464,-1,-1,-1
13,395,1442.91,-2.64,84.53,78.38,0.7864,-1,-1,-1
13,396,1303.79,261.44,79.98,69.81,0.2118,-1,-1,-1
13,398,1163.40,380.39,118.04,109.09,0.8741,-1,-1,-1
13,399,1588.23,371.74,80.73,76.89,0.8774,-1,-1,-1
13,401,1068.54,255.04,97.70,83.06,0.8915,-1,-1,-1
13,409,1375.26,225.90,106.53,100.37,0.8497,-1,-1,-1
13,394,1216.91,594.76,86.49,84.20,0.6947,-1,-1,-1
13,411,1237.31,738.33,70.81,66.21,0.6016,-1,-1,-1
13,403,1307.44,589.95,77.47,73.34,0.7155,-1,-1,-1
14,395,1441.90,-4.12,79.84,72.36,0.8085,-1,-1,-1
14,396,1302.94,253.97,79.45,68.70,0.3607,-1,-1,-1
14,398,1162.05,408.82,120.46,112.36,0.8333,-1,-1,-1
14,399,1587.26,359.21,80.39,76.48,0.8128,-1,-1,-1
14,401,1067.22,276.67,97.51,83.70,0.8802,-1,-1,-1
14,409,1372.07,207.87,106.78,100.56,0.8482,-1,-1,-1
14,394,1213.93,622.46,90.67,89.01,0.6612,-1,-1,-1
14,411,1235.88,725.06,72.10,67.44,0.7151,-1,-1,-1
14,403,1305.88,580.92,80.45,76.22,0.8029,-1,-1,-1
15,395,1443.73,-3.96,71.10,62.08,0.8073,-1,-1,-1
15,396,1302.20,246.63,78.78,67.51,0.5958,-1,-1,-1
15,398,1160.32,438.61,120.46,113.42,0.7895,-1,-1,-1
15,399,1585.08,346.92,80.67,76.91,0.8376,-1,-1,-1
15,401,1065.13,297.53,99.82,86.13,0.8590,-1,-1,-1
15,409,1369.42,191.95,105.49,99.38,0.8520,-1,-1,-1
15,394,1216.13,650.76,85.20,83.24,0.7063,-1,-1,-1
15,403,1305.00,572.83,80.37,76.16,0.8112,-1,-1,-1
15,414,1494.37,436.40,120.12,116.62,0.7500,-1,-1,-1
15,400,1013.33,713.19,88.44,84.87,0.6796,-1,-1,-1
16,395,1444.63,-2.62,63.29,52.91,0.7473,-1,-1,-1
16,396,1299.27,237.65,80.55,68.32,0.6742,-1,-1,-1
16,398,1158.54,470.86,119.19,112.88,0.7741,-1,-1,-1
16,399,1583.09,334.78,80.09,76.48,0.8357,-1,-1,-1
16,401,1063.34,320.37,100.05,87.10,0.8047,-1,-1,-1
16,409,1366.50,176.31,104.13,98.00,0.8747,-1,-1,-1
16,394,1217.33,678.59,85.32,83.52,0.7248,-1,-1,-1
16,403,1303.52,564.77,80.13,75.71,0.7479,-1,-1,-1
16,414,1491.90,415.17,120.14,116.74,0.8127,-1,-1,-1
16,415,1622.66,4.05,375.88,132.87,0.8929,-1,-1,-1
16,416,1403.20,413.50,85.02,82.49,0.7692,-1,-1,-1
17,395,1445.05,-1.35,54.82,43.08,0.7153,-1,-1,-1
17,396,1294.44,228.81,84.73,71.78,0.6526,-1,-1,-1
17,398,1157.29,500.91,119.23,113.64,0.5621,-1,-1,-1
17,399,1581.51,324.10,79.04,75.55,0.8800,-1,-1,-1
17,401,1059.40,344.12,101.67,89.66,0.7897,-1,-1,-1
17,409,1361.46,157.63,107.14,101.13,0.8552,-1,-1,-1
17,394,1218.25,707.64,82.58,80.43,0.7303,-1,-1,-1
17,403,1302.59,556.83,81.00,75.96,0.7255,-1,-1,-1
17,414,1490.06,391.61,119.36,116.16,0.8386,-1,-1,-1
17,415,1551.83,3.47,541.94,194.28,0.7384,-1,-1,-1
17,416,1400.19,399.68,85.30,82.72,0.8293,-1,-1,-1
17,417,776.83,0.32,92.68,42.20,0.7955,-1,-1,-1
18,395,1443.61,-0.95,47.90,35.45,0.4400,-1,-1,-1
18,396,1292.20,221.57,81.01,68.36,0.4049,-1,-1,-1
18,398,1154.15,530.28,120.83,116.26,0.7187,-1,-1,-1
18,399,1580.82,312.71,78.48,75.15,0.8291,-1,-1,-1
18,401,1059.79,369.29,98.61,87.95,0.6486,-1,-1,-1
18,409,1358.43,142.14,106.15,100.53,0.8659,-1,-1,-1
18,394,1214.61,733.45,83.15,80.19,0.3746,-1,-1,-1
18,403,1299.82,545.52,84.41,79.32,0.5652,-1,-1,-1
18,414,1488.78,368.99,117.07,114.09,0.8553,-1,-1,-1
18,416,1397.49,384.95,84.72,82.12,0.8381,-1,-1,-1
18,417,760.31,0.54,117.12,53.78,0.8702,-1,-1,-1
18,418,1010.52,652.88,88.27,88.84,0.6146,-1,-1,-1
19,396,1290.28,214.49,80.89,67.85,0.6165,-1,-1,-1
19,398,1150.84,561.21,123.69,120.22,0.7036,-1,-1,-1
19,399,1578.93,300.95,78.56,75.59,0.8505,-1,-1,-1
19,401,1059.25,393.51,98.96,89.07,0.7277,-1,-1,-1
19,409,1354.96,126.19,105.51,100.07,0.8309,-1,-1,-1
19,394,1213.18,741.30,83.91,80.53,0.7633,-1,-1,-1
19,403,1298.03,537.87,85.93,80.85,0.6247,-1,-1,-1
19,414,1488.23,347.47,114.32,111.44,0.8838,-1,-1,-1
19,416,1394.58,370.33,84.40,81.67,0.8658,-1,-1,-1
19,417,743.92,2.32,139.70,64.96,0.8355,-1,-1,-1
19,418,1010.19,636.82,86.93,87.37,0.6088,-1,-1,-1
19,421,1259.62,387.91,61.40,56.86,0.7980,-1,-1,-1
20,396,1286.53,206.01,84.73,71.12,0.6337,-1,-1,-1
20,398,1156.95,595.37,123.06,117.76,0.6973,-1,-1,-1
20,399,1578.04,290.46,77.28,74.45,0.8505,-1,-1,-1
20,401,1057.50,419.19,99.09,90.17,0.6812,-1,-1,-1
20,409,1351.10,110.94,104.40,98.99,0.8534,-1,-1,-1
20,403,1293.49,531.72,86.01,79.29,0.7229,-1,-1,-1
20,414,1486.42,325.83,115.60,112.81,0.8675,-1,-1,-1
20,416,1391.31,355.83,84.90,81.98,0.8297,-1,-1,-1
20,417,733.05,9.54,151.20,71.48,0.8084,-1,-1,-1
20,418,1007.61,616.09,87.95,88.17,0.1295,-1,-1,-1
20,421,1258.68,380.00,61.17,56.61,0.8153,-1,-1,-1
20,422,1122.73,0.54,101.97,44.64,0.8001,-1,-1,-1
21,396,1283.89,199.40,85.62,72.09,0.5549,-1,-1,-1
21,398,1148.51,626.57,128.36,124.11,0.4938,-1,-1,-1
21,399,1577.25,280.77,75.74,73.03,0.8673,-1,-1,-1
21,401,1055.51,443.36,102.96,93.97,0.7177,-1,-1,-1
21,409,1348.62,97.85,102.81,97.08,0.8438,-1,-1,-1
21,403,1288.31,522.33,89.81,81.65,0.6914,-1,-1,-1
21,414,1484.80,305.87,115.74,113.14,0.8687,-1,-1,-1
21,416,1388.81,342.94,84.69,81.66,0.8342,-1,-1,-1
21,417,726.29,19.95,153.21,73.95,0.8267,-1,-1,-1
21,418,1011.12,598.85,83.75,83.57,0.3998,-1,-1,-1
21,421,1255.27,370.37,61.71,57.07,0.5364,-1,-1,-1
21,422,1109.78,0.91,130.97,57.80,0.8273,-1,-1,-1
22,396,1280.36,191.79,86.69,73.26,0.7941,-1,-1,-1
22,398,1156.02,659.14,126.91,119.99,0.5986,-1,-1,-1
22,399,1576.11,271.48,74.30,71.60,0.8414,-1,-1,-1
22,401,1054.47,471.53,101.17,92.66,0.5989,-1,-1,-1
22,409,1344.68,84.66,103.20,97.05,0.8521,-1,-1,-1
22,403,1289.17,516.47,88.63,79.29,0.2794,-1,-1,-1
22,414,1484.02,288.32,113.76,111.22,0.8633,-1,-1,-1
22,416,1387.51,331.18,84.01,80.92,0.8582,-1,-1,-1
22,417,720.30,31.34,153.56,75.92,0.8246,-1,-1,-1
22,421,1253.49,362.98,59.95,55.36,0.6163,-1,-1,-1
22,422,1095.16,2.55,162.77,72.82,0.8196,-1,-1,-1
22,426,1395.04,594.11,99.86,95.80,0.6298,-1,-1,-1
23,396,1276.78,183.31,89.23,75.52,0.5734,-1,-1,-1
23,399,1573.88,259.75,75.89,73.73,0.8389,-1,-1,-1
23,401,1053.79,500.05,97.62,89.87,0.6020,-1,-1,-1
23,409,1341.32,71.53,103.80,97.06,0.8607,-1,-1,-1
23,403,1287.34,511.26,88.67,78.06,0.2012,-1,-1,-1
23,414,1483.13,270.07,111.16,108.67,0.8552,-1,-1,-1
23,416,1386.27,319.80,83.29,80.13,0.8601,-1,-1,-1
23,417,713.58,41.99,155.25,78.81,0.8557,-1,-1,-1
23,421,1249.72,352.39,62.12,57.19,0.2458,-1,-1,-1
23,422,1089.04,10.14,177.79,80.97,0.8123,-1,-1,-1
23,426,1391.73,575.96,97.73,93.84,0.6289,-1,-1,-1
23,418,1006.41,560.13,87.31,87.01,0.7331,-1,-1,-1
24,396,1277.31,178.31,85.73,72.39,0.4091,-1,-1,-1
24,399,1572.15,251.01,74.78,72.96,0.8275,-1,-1,-1
24,401,1055.00,524.66,97.21,90.54,0.1020,-1,-1,-1
24,409,1337.28,59.32,103.38,96.53,0.8488,-1,-1,-1
24,403,1287.92,504.09,88.78,77.90,0.2508,-1,-1,-1
24,414,1480.72,252.42,109.36,106.59,0.8382,-1,-1,-1
24,416,1385.26,308.72,82.36,79.18,0.8515,-1,-1,-1
24,417,709.66,55.40,152.56,79.60,0.8414,-1,-1,-1
24,421,1247.85,344.02,62.90,57.79,0.6604,-1,-1,-1
24,422,1088.42,23.01,182.93,85.09,0.8328,-1,-1,-1
24,428,1212.17,638.66,86.14,81.86,0.5555,-1,-1,-1
24,418,998.03,543.95,89.88,90.15,0.1503,-1,-1,-1
25,396,1276.14,171.96,84.74,71.68,0.5399,-1,-1,-1
25,399,1571.03,241.35,74.24,72.78,0.8150,-1,-1,-1
25,401,1061.03,544.02,98.66,92.82,0.4328,-1,-1,-1
25,409,1334.94,47.12,101.87,94.72,0.8171,-1,-1,-1
25,403,1293.90,497.61,85.41,75.14,0.5449,-1,-1,-1
25,414,1478.77,236.55,109.13,106.20,0.8439,-1,-1,-1
25,416,1383.51,297.65,81.94,78.67,0.8594,-1,-1,-1
25,417,706.57,67.96,150.81,80.92,0.8530,-1,-1,-1
25,421,1248.14,337.86,61.06,55.92,0.4221,-1,-1,-1
25,422,1087.30,36.16,188.25,89.71,0.8233,-1,-1,-1
25,428,1213.81,622.88,83.06,79.01,0.5708,-1,-1,-1
25,418,992.99,534.75,91.05,91.76,0.6004,-1,-1,-1
26,396,1276.06,166.54,81.62,69.44,0.3911,-1,-1,-1
26,399,1569.76,232.90,73.00,71.65,0.8208,-1,-1,-1
26,409,1330.80,34.88,103.07,95.84,0.8579,-1,-1,-1
26,403,1287.26,490.47,88.77,77.31,0.5651,-1,-1,-1
26,414,1475.59,219.75,108.30,105.53,0.8505,-1,-1,-1
26,416,1381.01,286.48,82.10,78.63,0.8604,-1,-1,-1
26,417,701.75,81.10,149.81,82.66,0.8188,-1,-1,-1
26,421,1246.21,330.18,61.56,56.33,0.1698,-1,-1,-1
26,422,1090.65,51.46,184.67,90.40,0.8090,-1,-1,-1
26,428,1213.66,602.36,82.08,78.12,0.6142,-1,-1,-1
27,396,1272.05,160.21,85.48,73.29,0.5892,-1,-1,-1
27,399,1569.46,224.95,71.06,69.96,0.8315,-1,-1,-1
27,409,1328.97,23.32,101.95,94.41,0.8268,-1,-1,-1
27,414,1473.86,204.60,107.00,104.42,0.8577,-1,-1,-1
27,416,1378.97,275.74,80.77,77.11,0.8526,-1,-1,-1
27,417,697.38,95.66,145.85,82.93,0.8270,-1,-1,-1
27,422,1096.05,69.41,178.37,89.88,0.8445,-1,-1,-1
27,428,1214.27,583.73,81.38,77.49,0.7183,-1,-1,-1
27,418,981.24,523.34,83.44,83.77,0.5334,-1,-1,-1
28,399,1566.85,215.25,71.95,70.87,0.7749,-1,-1,-1
28,409,1323.80,11.40,102.97,95.06,0.8527,-1,-1,-1
28,414,1471.24,188.14,107.64,104.88,0.8125,-1,-1,-1
28,416,1377.03,265.92,79.24,75.38,0.8414,-1,-1,-1
28,417,693.21,110.20,141.88,83.15,0.8450,-1,-1,-1
28,422,1098.77,86.21,176.16,91.62,0.8405,-1,-1,-1
28,428,1213.32,564.17,83.24,79.29,0.6745,-1,-1,-1
28,429,1138.60,661.82,112.34,111.35,0.6348,-1,-1,-1
28,418,969.72,517.97,82.40,82.84,0.5971,-1,-1,-1
29,399,1563.41,205.45,73.46,72.47,0.8319,-1,-1,-1
29,409,1322.73,3.25,99.87,91.35,0.8423,-1,-1,-1
29,414,1470.54,176.18,104.96,101.95,0.8288,-1,-1,-1
29,416,1373.67,255.42,79.77,75.66,0.8268,-1,-1,-1
29,417,690.72,125.91,137.46,82.95,0.8255,-1,-1,-1
29,422,1103.45,104.11,169.96,91.36,0.8533,-1,-1,-1
29,428,1210.69,545.90,87.87,84.24,0.2770,-1,-1,-1
29,429,1133.85,639.53,121.94,121.10,0.3276,-1,-1,-1
29,418,960.27,513.72,83.37,83.46,0.7226,-1,-1,-1
30,399,1561.58,197.53,72.70,71.42,0.8311,-1,-1,-1
30,409,1322.62,-3.23,96.09,87.29,0.8483,-1,-1,-1
30,414,1469.15,161.64,105.19,101.81,0.8155,-1,-1,-1
30,416,1371.97,245.63,79.70,75.48,0.8469,-1,-1,-1
30,417,686.62,141.09,135.72,84.19,0.8356,-1,-1,-1
30,422,1106.24,123.32,164.89,91.58,0.8475,-1,-1,-1
30,428,1208.84,527.98,87.16,83.95,0.3594,-1,-1,-1
30,429,1125.13,616.16,116.20,114.73,0.6085,-1,-1,-1
30,418,953.61,509.54,81.11,81.27,0.7995,-1,-1,-1
31,399,1562.16,187.86,73.17,71.67,0.8408,-1,-1,-1
31,409,1324.39,-5.00,86.93,77.36,0.8433,-1,-1,-1
31,414,1467.43,148.73,104.99,101.02,0.8491,-1,-1,-1
31,416,1371.64,236.87,78.74,74.66,0.8618,-1,-1,-1
31,417,681.87,156.92,133.44,84.95,0.7899,-1,-1,-1
31,422,1109.65,141.78,163.03,93.63,0.8427,-1,-1,-1
31,428,1210.02,512.29,83.49,80.46,0.7950,-1,-1,-1
31,429,1126.59,590.80,114.65,113.17,0.4177,-1,-1,-1
31,418,944.76,505.55,81.42,81.27,0.8323,-1,-1,-1
31,396,1265.14,137.47,85.00,73.46,0.7992,-1,-1,-1
32,399,1559.95,177.47,72.81,70.82,0.8379,-1,-1,-1
32,409,1329.00,-4.42,67.86,56.93,0.7992,-1,-1,-1
32,414,1466.87,128.39,103.19,98.68,0.8354,-1,-1,-1
32,416,1370.60,223.22,75.12,70.79,0.8692,-1,-1,-1
32,417,674.49,183.97,128.65,83.86,0.8129,-1,-1,-1
32,422,1115.74,176.06,154.74,91.77,0.8510,-1,-1,-1
32,428,1210.54,486.16,80.30,77.63,0.6392,-1,-1,-1
32,429,1125.56,549.57,113.17,111.50,0.4089,-1,-1,-1
32,418,928.64,497.39,83.94,83.85,0.8266,-1,-1,-1
32,396,1265.30,128.94,73.98,64.00,0.4839,-1,-1,-1
32,405,1359.33,401.47,105.53,85.80,0.7818,-1,-1,-1
32,403,1270.94,439.51,94.20,82.90,0.5571,-1,-1,-1
33,399,1558.00,167.33,73.89,71.32,0.8305,-1,-1,-1
33,409,1332.42,-2.55,54.71,42.38,0.7445,-1,-1,-1
33,414,1463.98,111.02,104.39,99.05,0.8315,-1,-1,-1
33,416,1366.80,211.89,75.44,71.08,0.8500,-1,-1,-1
33,417,668.37,203.92,127.94,85.53,0.8328,-1,-1,-1
33,422,1118.65,201.73,151.47,92.85,0.8565,-1,-1,-1
33,428,1208.88,466.46,79.45,76.77,0.7918,-1,-1,-1
33,429,1124.19,522.19,114.21,112.55,0.8057,-1,-1,-1
33,418,918.30,492.52,81.88,81.46,0.8337,-1,-1,-1
33,396,1264.33,122.32,69.83,60.34,0.4772,-1,-1,-1
33,432,1139.58,698.84,94.92,97.32,0.7567,-1,-1,-1
33,405,1359.66,391.20,102.83,86.30,0.8422,-1,-1,-1
33,403,1272.47,432.85,91.12,81.12,0.6986,-1,-1,-1
33,421,1232.31,274.21,65.22,59.60,0.5451,-1,-1,-1
34,399,1554.78,158.73,73.34,70.47,0.8434,-1,-1,-1
34,409,1333.35,-1.54,46.02,32.58,0.6989,-1,-1,-1
34,414,1462.49,98.67,102.91,96.98,0.8204,-1,-1,-1
34,416,1363.32,202.76,74.90,70.59,0.8654,-1,-1,-1
34,417,663.00,223.49,126.09,86.53,0.8758,-1,-1,-1
34,422,1122.44,225.28,145.78,92.41,0.8481,-1,-1,-1
34,428,1206.57,445.68,80.25,77.80,0.3798,-1,-1,-1
34,429,1122.08,498.17,114.25,112.70,0.7797,-1,-1,-1
34,418,909.58,488.59,80.98,80.21,0.8350,-1,-1,-1
34,396,1261.83,117.14,68.68,59.38,0.7087,-1,-1,-1
34,432,1144.49,717.44,95.72,98.18,0.8108,-1,-1,-1
34,405,1358.69,378.32,99.79,85.78,0.8641,-1,-1,-1
34,403,1270.46,424.15,94.51,85.42,0.6952,-1,-1,-1
35,399,1553.41,151.92,73.28,70.13,0.8775,-1,-1,-1
35,414,1460.78,86.85,102.01,96.01,0.8439,-1,-1,-1
35,416,1361.07,193.54,74.89,70.73,0.8663,-1,-1,-1
35,417,657.84,241.61,125.02,88.20,0.8593,-1,-1,-1
35,422,1127.63,249.25,139.18,90.93,0.8768,-1,-1,-1
35,428,1207.95,433.19,76.74,74.83,0.6779,-1,-1,-1
35,429,1122.37,479.09,110.55,109.07,0.8071,-1,-1,-1
35,418,901.34,486.12,79.72,79.08,0.7984,-1,-1,-1
35,396,1258.95,111.72,71.46,61.72,0.7242,-1,-1,-1
35,432,1158.74,740.41,87.89,89.76,0.7117,-1,-1,-1
35,405,1357.71,365.09,96.89,84.28,0.8561,-1,-1,-1
35,403,1270.23,417.19,92.88,84.62,0.8438,-1,-1,-1
36,399,1551.91,145.07,72.51,69.32,0.8919,-1,-1,-1
36,414,1460.65,78.04,100.04,93.55,0.8377,-1,-1,-1
36,416,1360.04,186.05,73.44,69.34,0.8495,-1,-1,-1
36,417,652.42,260.74,122.25,88.30,0.8783,-1,-1,-1
36,422,1131.18,272.92,133.38,89.76,0.8640,-1,-1,-1
36,428,1202.67,414.27,80.16,78.31,0.5720,-1,-1,-1
36,429,1121.45,458.05,109.42,108.13,0.7868,-1,-1,-1
36,418,895.00,483.75,78.62,78.12,0.8359,-1,-1,-1
36,396,1257.50,107.85,69.19,59.52,0.7406,-1,-1,-1
36,432,1167.38,737.81,89.45,91.04,0.7913,-1,-1,-1
36,405,1355.86,350.97,95.06,83.19,0.8500,-1,-1,-1
36,403,1270.01,411.91,91.79,84.19,0.8618,-1,-1,-1
37,399,1550.29,137.79,72.31,69.03,0.8866,-1,-1,-1
37,414,1459.37,67.36,99.34,92.22,0.8136,-1,-1,-1
37,416,1358.17,177.82,74.35,69.95,0.8662,-1,-1,-1
37,417,650.02,279.88,118.07,87.23,0.8275,-1,-1,-1
37,422,1133.69,294.64,132.35,91.87,0.8538,-1,-1,-1
37,428,1198.91,400.53,81.76,79.72,0.6793,-1,-1,-1
37,429,1119.00,438.79,109.84,108.78,0.7808,-1,-1,-1
37,418,886.92,481.08,79.06,78.92,0.8431,-1,-1,-1
37,396,1255.17,102.65,70.62,60.52,0.7143,-1,-1,-1
37,432,1176.45,723.32,93.44,94.96,0.6399,-1,-1,-1
37,405,1352.33,336.66,93.66,82.73,0.8296,-1,-1,-1
37,403,1268.13,404.78,93.18,85.91,0.7854,-1,-1,-1
38,399,1549.16,132.11,71.53,68.26,0.8677,-1,-1,-1
38,414,1455.02,57.72,100.01,92.43,0.8008,-1,-1,-1
38,416,1357.67,170.55,72.67,68.14,0.7656,-1,-1,-1
38,417,643.87,299.08,116.77,88.36,0.8705,-1,-1,-1
38,422,1135.51,318.48,126.13,89.69,0.7777,-1,-1,-1
38,428,1199.50,388.80,79.43,76.98,0.7600,-1,-1,-1
38,429,1115.84,419.90,106.95,105.85,0.6539,-1,-1,-1
38,418,879.04,477.92,78.86,79.09,0.8276,-1,-1,-1
38,396,1253.00,98.17,69.93,59.60,0.6256,-1,-1,-1
38,432,1189.43,708.43,92.42,93.33,0.4427,-1,-1,-1
38,405,1348.37,324.01,92.20,82.37,0.8189,-1,-1,-1
38,403,1265.73,398.43,94.53,87.85,0.7301,-1,-1,-1
39,399,1547.41,127.80,69.85,66.40,0.8308,-1,-1,-1
39,414,1451.05,46.85,101.64,94.08,0.7700,-1,-1,-1
39,416,1355.35,162.01,74.11,69.48,0.8365,-1,-1,-1
39,417,640.92,319.88,111.38,86.12,0.8543,-1,-1,-1
39,422,1137.92,342.08,126.83,92.23,0.2408,-1,-1,-1
39,429,1113.99,398.53,108.35,107.61,0.4416,-1,-1,-1
39,418,871.44,475.19,78.26,78.35,0.8284,-1,-1,-1
39,396,1250.24,93.90,70.99,60.47,0.6832,-1,-1,-1
39,432,1194.59,691.95,95.87,96.88,0.3118,-1,-1,-1
39,405,1345.76,312.19,90.02,80.99,0.7723,-1,-1,-1
39,403,1265.08,394.10,92.07,85.68,0.8052,-1,-1,-1
39,437,1275.45,135.39,58.17,50.36,0.5404,-1,-1,-1
40,399,1544.85,121.82,69.71,66.16,0.7974,-1,-1,-1
40,414,1450.57,37.66,100.10,92.70,0.7996,-1,-1,-1
40,416,1353.62,155.19,74.58,69.54,0.8595,-1,-1,-1
40,417,637.61,339.64,109.34,85.69,0.6503,-1,-1,-1
40,429,1117.06,377.62,109.25,107.20,0.7291,-1,-1,-1
40,418,863.61,473.36,77.89,77.68,0.8375,-1,-1,-1
40,396,1248.18,89.34,71.73,61.02,0.6395,-1,-1,-1
40,432,1197.91,672.10,101.58,102.61,0.4568,-1,-1,-1
40,405,1344.31,299.92,89.05,80.59,0.7556,-1,-1,-1
40,403,1263.12,389.12,91.83,85.67,0.8124,-1,-1,-1
40,437,1273.29,130.95,60.44,52.33,0.5491,-1,-1,-1
40,421,1216.83,241.43,60.48,55.10,0.7284,-1,-1,-1
41,399,1542.32,114.89,70.92,67.48,0.8111,-1,-1,-1
41,414,1448.98,29.63,98.61,91.20,0.8013,-1,-1,-1
41,416,1350.31,148.28,75.14,69.83,0.8761,-1,-1,-1
41,417,631.68,359.10,109.53,87.48,0.7649,-1,-1,-1
41,429,1115.93,362.31,118.96,115.60,0.6489,-1,-1,-1
41,418,857.95,472.99,74.99,74.26,0.8633,-1,-1,-1
41,396,1247.28,85.96,71.73,60.90,0.6901,-1,-1,-1
41,432,1206.82,657.23,100.84,101.27,0.5107,-1,-1,-1
41,405,1342.59,287.94,88.16,80.25,0.7859,-1,-1,-1
41,403,1261.03,383.30,91.58,85.81,0.8127,-1,-1,-1
41,437,1272.84,129.37,56.83,49.09,0.3568,-1,-1,-1
41,421,1215.99,237.96,59.24,53.93,0.6252,-1,-1,-1
42,399,1541.44,109.32,70.16,66.77,0.8122,-1,-1,-1
42,414,1447.85,22.89,95.37,87.80,0.8037,-1,-1,-1
42,416,1348.64,141.46,75.49,69.93,0.8557,-1,-1,-1
42,417,627.60,379.88,106.83,86.78,0.6710,-1,-1,-1
42,429,1110.03,345.71,109.22,105.85,0.7393,-1,-1,-1
42,418,851.45,473.08,71.81,70.21,0.8485,-1,-1,-1
42,396,1245.97,83.13,70.53,59.65,0.7059,-1,-1,-1
42,432,1211.80,641.11,103.26,102.54,0.3552,-1,-1,-1
42,405,1340.20,276.52,88.05,80.24,0.8361,-1,-1,-1
42,403,1258.27,377.58,91.98,86.59,0.8237,-1,-1,-1
42,437,1270.32,126.55,56.76,48.95,0.5753,-1,-1,-1
42,421,1213.19,233.36,59.39,53.96,0.7114,-1,-1,-1
42,428,1200.97,340.83,74.71,72.22,0.7485,-1,-1,-1
42,422,1140.07,417.93,122.71,91.92,0.5542,-1,-1,-1
43,399,1540.35,104.11,70.72,67.45,0.8069,-1,-1,-1
43,414,1446.21,13.01,97.05,89.24,0.8312,-1,-1,-1
43,416,1346.10,134.29,77.04,70.93,0.8800,-1,-1,-1
43,417,620.94,399.56,108.22,89.46,0.8180,-1,-1,-1
43,429,1105.28,329.06,106.10,102.70,0.7737,-1,-1,-1
43,418,843.49,470.81,73.14,71.20,0.8413,-1,-1,-1
43,396,1245.10,79.52,69.94,59.12,0.6966,-1,-1,-1
43,432,1228.84,624.81,100.57,99.98,0.1760,-1,-1,-1
43,405,1336.46,266.29,86.77,78.82,0.8296,-1,-1,-1
43,403,1255.94,372.36,92.59,87.44,0.8358,-1,-1,-1
43,437,1268.43,122.80,57.26,49.53,0.5954,-1,-1,-1
43,421,1209.94,229.41,59.51,54.21,0.6852,-1,-1,-1
43,428,1197.74,327.77,78.03,75.54,0.8494,-1,-1,-1
43,422,1140.29,443.25,124.35,96.05,0.7669,-1,-1,-1
44,399,1539.25,98.58,70.65,67.21,0.8250,-1,-1,-1
44,414,1444.59,4.30,96.68,88.79,0.8020,-1,-1,-1
44,416,1343.31,128.68,77.11,70.30,0.8439,-1,-1,-1
44,417,617.04,420.45,104.28,87.13,0.8517,-1,-1,-1
44,429,1103.60,311.77,105.16,101.43,0.4959,-1,-1,-1
44,418,836.83,470.22,73.47,71.11,0.7527,-1,-1,-1
44,396,1245.24,76.98,68.58,57.79,0.6762,-1,-1,-1
44,432,1243.25,609.80,101.14,99.86,0.6185,-1,-1,-1
44,405,1332.32,256.52,86.24,78.30,0.8104,-1,-1,-1
44,403,1255.44,367.05,91.58,86.28,0.8569,-1,-1,-1
44,437,1265.32,119.55,57.62,49.69,0.6753,-1,-1,-1
44,421,1208.77,226.67,58.28,52.81,0.7020,-1,-1,-1
44,428,1197.25,316.38,78.78,76.24,0.7897,-1,-1,-1
44,422,1142.00,468.11,122.83,97.55,0.7597,-1,-1,-1
45,399,1536.89,92.71,71.73,68.07,0.8126,-1,-1,-1
45,414,1443.68,-1.69,94.98,86.78,0.8231,-1,-1,-1
45,416,1340.50,121.60,78.62,71.31,0.8172,-1,-1,-1
45,417,610.83,442.12,104.09,87.75,0.8289,-1,-1,-1
45,429,1101.79,296.47,102.92,99.07,0.7069,-1,-1,-1
45,418,830.93,467.91,73.42,71.16,0.8637,-1,-1,-1
45,396,1244.56,73.72,67.03,56.29,0.7288,-1,-1,-1
45,432,1253.25,593.90,98.85,97.28,0.3053,-1,-1,-1
45,405,1329.25,246.79,84.86,76.93,0.8398,-1,-1,-1
45,403,1253.92,362.33,91.91,86.60,0.8484,-1,-1,-1
45,437,1262.78,114.94,60.58,52.22,0.6016,-1,-1,-1
45,421,1206.74,221.62,58.86,53.48,0.6478,-1,-1,-1
45,428,1192.19,304.07,82.36,79.90,0.7628,-1,-1,-1
46,399,1536.76,88.63,71.08,67.37,0.8130,-1,-1,-1
46,414,1445.39,-2.92,89.19,80.20,0.8041,-1,-1,-1
46,416,1338.09,116.60,77.92,70.35,0.8032,-1,-1,-1
46,417,605.28,463.00,103.82,88.20,0.8811,-1,-1,-1
46,429,1097.09,279.57,102.96,99.20,0.8107,-1,-1,-1
46,418,825.67,467.11,72.30,69.62,0.8134,-1,-1,-1
46,396,1243.44,71.01,66.90,56.13,0.7338,-1,-1,-1
46,432,1263.17,577.97,97.80,96.02,0.6634,-1,-1,-1
46,405,1328.15,237.43,82.88,75.24,0.8588,-1,-1,-1
46,403,1249.92,354.76,95.83,90.39,0.8258,-1,-1,-1
46,437,1261.87,114.28,58.75,50.52,0.5982,-1,-1,-1
46,421,1205.86,217.11,59.34,54.06,0.7513,-1,-1,-1
46,428,1194.75,293.02,78.53,76.16,0.7261,-1,-1,-1
47,399,1535.64,84.60,70.11,66.09,0.8246,-1,-1,-1
47,414,1447.41,-3.83,81.93,71.70,0.8564,-1,-1,-1
47,416,1335.12,111.22,77.91,69.87,0.8280,-1,-1,-1
47,417,600.75,487.27,102.11,87.39,0.8573,-1,-1,-1
47,429,1094.28,265.63,102.14,98.22,0.7925,-1,-1,-1
47,418,820.32,465.20,73.23,69.93,0.8264,-1,-1,-1
47,396,1241.78,67.07,68.25,57.43,0.6239,-1,-1,-1
47,432,1273.51,562.45,98.68,96.34,0.6990,-1,-1,-1
47,405,1323.99,226.53,85.15,77.35,0.8468,-1,-1,-1
47,403,1246.10,348.39,97.73,92.18,0.8338,-1,-1,-1
47,437,1258.88,111.63,59.02,50.45,0.4353,-1,-1,-1
47,421,1204.53,212.58,59.95,54.73,0.7319,-1,-1,-1
47,428,1198.80,283.00,72.22,69.57,0.7880,-1,-1,-1
47,438,1177.76,329.15,67.38,49.01,0.7045,-1,-1,-1
48,399,1535.11,81.02,69.13,64.94,0.8285,-1,-1,-1
48,414,1447.51,-3.56,77.41,65.38,0.8663,-1,-1,-1
48,416,1333.71,106.58,77.48,69.24,0.8319,-1,-1,-1
48,417,595.21,509.37,101.07,87.19,0.8643,-1,-1,-1
48,429,1093.59,252.13,101.02,97.09,0.7933,-1,-1,-1
48,418,812.76,463.82,73.23,69.58,0.8316,-1,-1,-1
48,396,1240.99,64.56,67.91,57.24,0.6110,-1,-1,-1
48,432,1280.35,547.94,100.02,96.66,0.7976,-1,-1,-1
48,405,1323.09,217.20,83.48,75.85,0.7987,-1,-1,-1
48,403,1243.26,343.36,98.51,92.75,0.7804,-1,-1,-1
48,437,1256.15,107.35,61.04,52.20,0.7128,-1,-1,-1
48,421,1203.85,209.29,58.96,53.61,0.6840,-1,-1,-1
48,428,1201.70,272.90,69.28,66.53,0.8241,-1,-1,-1
48,438,1176.08,322.06,66.98,48.85,0.6780,-1,-1,-1
49,399,1534.85,78.19,67.09,62.95,0.7752,-1,-1,-1
49,414,1449.08,-3.07,70.89,57.26,0.8352,-1,-1,-1
49,416,1333.00,101.58,77.08,68.62,0.8120,-1,-1,-1
49,417,591.16,532.41,99.37,85.89,0.8396,-1,-1,-1
49,429,1093.60,241.10,97.96,93.70,0.7599,-1,-1,-1
49,418,806.10,462.53,73.81,69.80,0.8174,-1,-1,-1
49,396,1240.11,61.86,67.98,57.23,0.5439,-1,-1,-1
49,432,1286.31,533.26,103.80,99.83,0.3764,-1,-1,-1
49,405,1321.17,208.69,83.28,75.76,0.7630,-1,-1,-1
49,403,1240.78,337.78,99.46,93.53,0.7394,-1,-1,-1
49,437,1254.28,104.78,61.08,52.13,0.5374,-1,-1,-1
49,421,1203.37,207.26,57.10,51.51,0.6031,-1,-1,-1
49,428,1199.61,262.67,69.17,66.14,0.8007,-1,-1,-1
49,438,1172.61,309.94,72.22,52.95,0.3875,-1,-1,-1
49,422,1139.35,604.68,121.44,99.09,0.6209,-1,-1,-1
50,399,1533.31,73.71,67.88,63.56,0.8097,-1,-1,-1
50,414,1450.82,-2.40,63.77,48.55,0.7536,-1,-1,-1
50,416,1331.88,96.53,76.21,67.43,0.7867,-1,-1,-1
50,417,585.51,553.55,100.01,87.26,0.8070,-1,-1,-1
50,429,1090.75,224.15,99.92,95.75,0.7491,-1,-1,-1
50,418,800.64,462.91,73.98,69.35,0.8054,-1,-1,-1
50,396,1239.32,59.90,66.29,55.69,0.5801,-1,-1,-1
50,432,1298.19,518.41,103.48,99.21,0.2795,-1,-1,-1
50,405,1317.95,199.48,84.89,77.49,0.7499,-1,-1,-1
50,403,1239.83,334.11,98.16,92.32,0.7861,-1,-1,-1
50,437,1253.71,102.99,59.55,50.58,0.6403,-1,-1,-1
50,421,1202.40,205.55,55.85,49.87,0.6049,-1,-1,-1
50,428,1198.96,252.69,68.64,65.56,0.6064,-1,-1,-1
50,422,1141.95,633.74,118.32,98.84,0.6558,-1,-1,-1
51,399,1531.55,68.15,70.11,65.68,0.8465,-1,-1,-1
51,414,1451.72,-1.70,58.34,42.05,0.6307,-1,-1,-1
51,416,1329.10,90.69,77.49,68.19,0.8087,-1,-1,-1
51,417,580.31,574.44,99.70,87.80,0.7879,-1,-1,-1
51,429,1088.26,209.29,100.10,96.05,0.8631,-1,-1,-1
51,418,796.78,463.16,73.23,67.52,0.8156,-1,-1,-1
51,396,1237.93,55.89,66.55,55.89,0.4589,-1,-1,-1
51,405,1314.85,189.13,86.03,78.58,0.5069,-1,-1,-1
51,403,1237.19,327.48,100.70,95.16,0.7419,-1,-1,-1
51,437,1251.43,100.40,60.59,51.31,0.4851,-1,-1,-1
51,421,1203.39,204.30,51.24,44.70,0.5293,-1,-1,-1
51,428,1197.74,242.70,68.27,65.17,0.7476,-1,-1,-1
51,422,1142.62,662.01,117.61,101.06,0.3112,-1,-1,-1
52,399,1529.93,62.67,70.96,66.80,0.8363,-1,-1,-1
52,416,1326.08,85.85,78.81,69.08,0.8320,-1,-1,-1
52,417,575.12,595.57,100.00,88.57,0.7589,-1,-1,-1
52,429,1086.38,197.99,98.72,94.84,0.8055,-1,-1,-1
52,418,788.04,463.71,72.63,66.84,0.7688,-1,-1,-1
52,396,1236.19,52.49,67.41,56.82,0.4368,-1,-1,-1
52,405,1313.67,182.10,82.87,75.45,0.7860,-1,-1,-1
52,403,1236.04,323.52,99.69,94.54,0.4425,-1,-1,-1
52,437,1249.98,99.10,59.73,50.52,0.3081,-1,-1,-1
52,421,1202.32,202.03,50.00,43.02,0.2664,-1,-1,-1
52,428,1197.21,232.67,68.60,64.99,0.7964,-1,-1,-1
52,422,1143.03,693.52,113.42,98.73,0.1477,-1,-1,-1
52,438,1166.98,288.79,74.86,55.60,0.6251,-1,-1,-1
53,399,1528.86,58.88,70.86,66.95,0.8352,-1,-1,-1
53,416,1325.44,82.25,77.75,67.82,0.8031,-1,-1,-1
53,429,1084.67,183.50,98.11,94.75,0.7945,-1,-1,-1
53,418,781.48,464.19,70.80,65.21,0.8267,-1,-1,-1
53,396,1233.61,49.47,69.04,58.63,0.5787,-1,-1,-1
53,405,1311.94,175.32,80.80,73.42,0.8098,-1,-1,-1
53,403,1233.50,318.95,99.38,94.57,0.3796,-1,-1,-1
53,437,1248.89,97.99,58.44,49.34,0.3774,-1,-1,-1
53,421,1203.27,198.74,48.06,40.20,0.2569,-1,-1,-1
53,428,1196.90,224.46,67.59,63.77,0.7955,-1,-1,-1
53,438,1165.26,281.18,74.70,56.06,0.7256,-1,-1,-1
54,399,1527.32,54.15,72.41,68.71,0.8377,-1,-1,-1
54,416,1324.63,79.02,77.49,67.70,0.7785,-1,-1,-1
54,429,1083.92,173.01,96.20,93.01,0.8358,-1,-1,-1
54,418,774.06,464.29,71.24,65.87,0.8392,-1,-1,-1
54,396,1232.69,47.81,68.53,58.58,0.5462,-1,-1,-1
54,405,1311.13,168.54,78.53,71.56,0.5969,-1,-1,-1
54,403,1230.83,312.83,101.16,96.73,0.3065,-1,-1,-1
54,437,1248.01,96.83,56.30,47.41,0.4787,-1,-1,-1
54,428,1195.49,214.07,68.56,64.87,0.7736,-1,-1,-1
54,438,1163.43,275.44,73.77,55.94,0.5604,-1,-1,-1
54,432,1334.29,457.94,106.63,103.44,0.5081,-1,-1,-1
55,399,1527.75,50.85,70.12,66.72,0.7748,-1,-1,-1
55,416,1323.42,75.30,76.45,66.59,0.5821,-1,-1,-1
55,429,1081.86,162.51,95.74,92.48,0.8135,-1,-1,-1
55,418,770.01,465.74,69.01,63.87,0.8510,-1,-1,-1
55,396,1231.29,45.20,69.67,59.74,0.6135,-1,-1,-1
55,405,1308.13,161.00,77.51,70.62,0.3994,-1,-1,-1
55,403,1229.75,309.61,100.90,96.61,0.2334,-1,-1,-1
55,437,1245.48,94.15,58.00,48.70,0.4196,-1,-1,-1
55,428,1189.33,196.90,76.83,73.65,0.7434,-1,-1,-1
55,438,1162.95,270.71,70.58,53.96,0.5347,-1,-1,-1
55,432,1343.67,444.80,107.67,104.66,0.5039,-1,-1,-1
55,417,557.80,662.30,104.09,92.83,0.6520,-1,-1,-1
56,399,1526.87,47.81,69.30,66.12,0.7967,-1,-1,-1
56,416,1321.90,70.97,75.81,66.11,0.7234,-1,-1,-1
56,429,1080.01,150.13,95.99,92.63,0.7711,-1,-1,-1
56,418,763.10,465.07,69.73,64.78,0.8189,-1,-1,-1
56,396,1229.79,43.00,69.68,60.18,0.6205,-1,-1,-1
56,405,1306.68,154.71,78.90,71.88,0.6330,-1,-1,-1
56,403,1225.36,304.01,102.61,98.92,0.2028,-1,-1,-1
56,437,1243.21,91.35,59.81,50.36,0.4917,-1,-1,-1
56,428,1189.44,189.60,74.54,71.96,0.6768,-1,-1,-1
56,438,1160.32,264.34,71.10,55.08,0.3024,-1,-1,-1
56,432,1351.98,431.08,106.83,103.90,0.5594,-1,-1,-1
56,417,553.16,686.47,103.43,93.19,0.5312,-1,-1,-1
57,399,1523.94,42.05,70.70,67.44,0.8467,-1,-1,-1
57,416,1319.24,64.82,76.05,66.45,0.7812,-1,-1,-1
57,429,1077.63,133.16,93.08,89.58,0.8077,-1,-1,-1
57,418,751.88,466.01,70.93,66.32,0.8060,-1,-1,-1
57,396,1227.91,40.57,69.34,60.33,0.5017,-1,-1,-1
57,405,1299.69,141.39,82.21,74.96,0.6961,-1,-1,-1
57,403,1222.17,300.05,102.28,98.52,0.6285,-1,-1,-1
57,437,1239.21,88.80,61.52,52.06,0.4649,-1,-1,-1
57,428,1188.70,179.64,70.43,67.75,0.7829,-1,-1,-1
57,438,1159.36,255.44,69.76,54.80,0.6278,-1,-1,-1
57,432,1369.38,408.69,106.19,102.82,0.7518,-1,-1,-1
57,417,550.05,711.96,96.92,87.29,0.1497,-1,-1,-1
58,399,1521.60,37.95,71.76,68.35,0.8344,-1,-1,-1
58,416,1317.64,59.92,76.72,67.04,0.8007,-1,-1,-1
58,429,1075.46,118.47,93.33,89.82,0.8006,-1,-1,-1
58,418,746.29,467.26,70.24,65.87,0.7998,-1,-1,-1
58,396,1227.11,38.60,67.14,58.95,0.4274,-1,-1,-1
58,405,1297.95,134.06,80.64,73.13,0.7890,-1,-1,-1
58,403,1219.18,296.89,102.83,99.23,0.8035,-1,-1,-1
58,437,1236.35,86.72,63.19,53.85,0.5781,-1,-1,-1
58,428,1189.49,172.57,66.84,64.20,0.7539,-1,-1,-1
58,438,1158.39,249.15,68.24,54.43,0.4704,-1,-1,-1
58,432,1379.87,391.83,107.32,104.09,0.7952,-1,-1,-1
59,399,1521.62,35.63,70.17,66.44,0.8367,-1,-1,-1
59,416,1317.28,57.20,74.40,64.70,0.7513,-1,-1,-1
59,429,1071.16,104.39,98.10,94.88,0.8049,-1,-1,-1
59,418,741.26,468.24,69.00,64.76,0.8420,-1,-1,-1
59,396,1226.40,37.96,64.74,57.00,0.3379,-1,-1,-1
59,405,1294.20,127.55,80.31,72.31,0.6139,-1,-1,-1
59,403,1215.76,293.05,103.39,99.88,0.5714,-1,-1,-1
59,437,1234.58,85.26,62.68,53.82,0.3877,-1,-1,-1
59,428,1187.29,165.24,66.82,64.12,0.7311,-1,-1,-1
59,438,1156.13,242.30,70.45,57.21,0.5422,-1,-1,-1
59,432,1390.45,378.31,106.59,103.58,0.8469,-1,-1,-1
60,399,1523.22,34.36,68.07,64.19,0.8576,-1,-1,-1
60,416,1315.56,52.55,75.46,65.75,0.7316,-1,-1,-1
60,429,1069.57,94.34,97.37,94.07,0.7737,-1,-1,-1
60,418,736.69,468.87,68.62,64.27,0.6653,-1,-1,-1
60,396,1226.31,37.17,62.09,54.48,0.1846,-1,-1,-1
60,405,1291.16,122.59,78.95,71.03,0.3455,-1,-1,-1
60,403,1213.08,289.47,103.24,99.82,0.5896,-1,-1,-1
60,437,1232.47,84.01,63.29,54.59,0.5049,-1,-1,-1
60,428,1184.67,157.89,69.24,66.90,0.7411,-1,-1,-1
60,438,1156.72,237.31,68.93,57.09,0.6950,-1,-1,-1
60,432,1400.95,366.43,104.37,101.24,0.8085,-1,-1,-1
60,441,1159.99,613.69,92.65,94.48,0.7038,-1,-1,-1
61,399,1523.42,33.09,66.00,61.95,0.8611,-1,-1,-1
61,416,1314.28,48.23,74.26,64.99,0.6963,-1,-1,-1
61,429,1066.29,85.05,97.22,93.94,0.8118,-1,-1,-1
61,418,731.55,469.53,67.89,63.61,0.6902,-1,-1,-1
61,396,1225.90,36.10,61.01,53.36,0.3063,-1,-1,-1
61,405,1289.31,116.74,77.67,70.12,0.5151,-1,-1,-1
61,403,1209.54,285.50,105.15,101.65,0.7574,-1,-1,-1
61,437,1230.79,82.41,63.73,55.61,0.6606,-1,-1,-1
61,428,1183.42,151.75,70.85,68.92,0.7809,-1,-1,-1
61,438,1157.18,233.42,65.34,54.87,0.7709,-1,-1,-1
61,432,1411.12,354.41,102.89,99.96,0.8475,-1,-1,-1
61,441,1160.24,594.84,93.89,95.80,0.6430,-1,-1,-1
62,399,1522.73,30.28,65.54,61.21,0.8492,-1,-1,-1
62,416,1312.94,44.58,74.26,65.34,0.8201,-1,-1,-1
62,429,1064.56,77.05,94.31,90.83,0.8225,-1,-1,-1
62,418,726.31,470.61,67.84,63.16,0.7967,-1,-1,-1
62,396,1224.67,34.52,61.25,53.54,0.4407,-1,-1,-1
62,405,1287.04,111.55,77.17,69.92,0.6432,-1,-1,-1
62,403,1207.36,282.47,105.64,102.08,0.8304,-1,-1,-1
62,437,1230.54,82.05,61.11,53.57,0.7075,-1,-1,-1
62,428,1181.27,143.39,74.17,73.01,0.7402,-1,-1,-1
62,438,1154.09,228.15,65.80,55.86,0.7209,-1,-1,-1
62,432,1420.57,343.09,102.34,99.31,0.8378,-1,-1,-1
63,399,1521.84,28.00,65.34,60.71,0.7942,-1,-1,-1
63,416,1311.63,40.92,75.31,66.70,0.8294,-1,-1,-1
63,429,1062.36,68.33,93.50,89.73,0.7902,-1,-1,-1
63,418,719.56,471.30,69.39,64.33,0.7942,-1,-1,-1
63,396,1223.51,33.92,60.95,53.19,0.3821,-1,-1,-1
63,405,1285.71,106.75,76.47,69.51,0.6813,-1,-1,-1
63,403,1203.19,278.30,108.08,104.73,0.8146,-1,-1,-1
63,437,1230.84,81.20,59.26,52.43,0.6576,-1,-1,-1
63,428,1180.59,135.96,74.49,74.33,0.5816,-1,-1,-1
63,438,1154.03,225.32,62.69,53.59,0.4459,-1,-1,-1
63,432,1429.32,330.35,102.69,99.71,0.8225,-1,-1,-1
64,399,1520.89,24.97,65.92,60.81,0.7540,-1,-1,-1
64,416,1310.89,38.33,75.32,66.95,0.8247,-1,-1,-1
64,429,1059.61,59.08,94.80,90.92,0.7459,-1,-1,-1
64,418,714.46,473.32,68.82,63.63,0.8118,-1,-1,-1
64,396,1222.07,31.92,62.23,54.46,0.5758,-1,-1,-1
64,405,1284.21,102.37,75.76,69.12,0.6356,-1,-1,-1
64,403,1199.17,275.69,109.35,106.21,0.7794,-1,-1,-1
64,437,1230.67,80.25,58.79,52.15,0.6755,-1,-1,-1
64,428,1184.23,130.92,65.09,64.45,0.7538,-1,-1,-1
64,438,1153.03,222.02,62.05,53.53,0.5861,-1,-1,-1
64,432,1438.06,318.98,102.32,99.46,0.8474,-1,-1,-1
65,399,1519.79,21.44,67.61,62.10,0.7877,-1,-1,-1
65,416,1309.86,35.60,74.33,66.01,0.7811,-1,-1,-1
65,429,1057.14,50.85,94.65,90.68,0.7458,-1,-1,-1
65,418,707.98,474.29,68.80,63.84,0.8077,-1,-1,-1
65,396,1220.47,30.61,62.98,55.28,0.5439,-1,-1,-1
65,405,1282.80,97.77,73.91,67.45,0.4730,-1,-1,-1
65,403,1196.33,273.98,108.74,105.99,0.8065,-1,-1,-1
65,437,1228.98,79.21,59.19,52.52,0.6451,-1,-1,-1
65,428,1185.41,124.74,61.66,60.64,0.6054,-1,-1,-1
65,438,1153.55,218.53,60.61,52.78,0.6903,-1,-1,-1
65,432,1447.35,307.87,101.84,98.67,0.8852,-1,-1,-1
65,442,551.71,589.13,93.81,93.15,0.7503,-1,-1,-1
66,399,1519.31,17.67,70.24,64.25,0.8008,-1,-1,-1
66,416,1309.59,34.53,72.21,63.93,0.7575,-1,-1,-1
66,429,1053.59,42.03,94.69,90.29,0.7891,-1,-1,-1
66,418,702.50,474.71,69.43,64.67,0.8404,-1,-1,-1
66,396,1219.48,29.79,62.76,55.01,0.6025,-1,-1,-1
66,405,1277.94,91.18,75.54,68.96,0.4151,-1,-1,-1
66,403,1193.42,271.16,110.15,107.38,0.8386,-1,-1,-1
66,437,1227.59,79.24,58.02,51.21,0.2753,-1,-1,-1
66,428,1183.87,117.47,62.54,61.12,0.6481,-1,-1,-1
66,438,1154.70,215.79,56.86,49.77,0.5592,-1,-1,-1
66,432,1456.19,296.05,103.19,100.07,0.8479,-1,-1,-1
66,442,555.18,575.91,89.02,88.42,0.7866,-1,-1,-1
67,399,1518.58,15.88,69.61,63.16,0.7086,-1,-1,-1
67,416,1309.60,33.41,70.53,62.25,0.7620,-1,-1,-1
67,429,1049.36,33.67,95.47,90.39,0.8045,-1,-1,-1
67,418,698.87,476.54,67.54,63.13,0.8608,-1,-1,-1
67,396,1217.83,27.62,63.64,56.09,0.6772,-1,-1,-1
67,405,1276.33,87.79,74.86,68.25,0.5686,-1,-1,-1
67,403,1190.64,269.06,110.79,107.69,0.8044,-1,-1,-1
67,437,1226.99,79.99,54.49,48.00,0.2248,-1,-1,-1
67,428,1182.82,110.99,63.15,61.37,0.7710,-1,-1,-1
67,438,1153.01,211.99,56.44,49.38,0.4653,-1,-1,-1
67,432,1465.15,285.45,103.61,100.38,0.8453,-1,-1,-1
67,442,558.06,564.21,83.64,83.04,0.8379,-1,-1,-1
68,399,1519.24,12.84,71.20,64.42,0.7816,-1,-1,-1
68,416,1308.99,30.78,69.81,61.31,0.7595,-1,-1,-1
68,429,1049.25,28.76,92.49,86.68,0.8739,-1,-1,-1
68,418,695.41,477.96,66.28,62.09,0.8458,-1,-1,-1
68,396,1216.72,26.03,63.73,56.51,0.6559,-1,-1,-1
68,405,1275.65,83.70,74.34,67.76,0.7342,-1,-1,-1
68,403,1186.42,266.66,112.76,109.17,0.8297,-1,-1,-1
68,437,1225.28,81.06,54.35,47.96,0.4823,-1,-1,-1
68,428,1182.43,106.04,61.61,59.50,0.6555,-1,-1,-1
68,438,1151.41,208.25,55.04,48.22,0.3689,-1,-1,-1
68,432,1472.10,275.07,104.87,101.52,0.8490,-1,-1,-1
68,442,557.33,550.62,83.41,82.84,0.7897,-1,-1,-1
69,399,1518.96,9.83,72.23,65.10,0.8145,-1,-1,-1
69,416,1307.79,27.42,70.47,61.92,0.7503,-1,-1,-1
69,429,1049.04,22.68,91.56,85.43,0.8805,-1,-1,-1
69,418,692.61,480.59,63.96,59.70,0.6025,-1,-1,-1
69,396,1215.72,25.10,63.74,56.75,0.6357,-1,-1,-1
69,405,1275.10,80.78,72.83,66.35,0.7410,-1,-1,-1
69,403,1181.07,263.52,116.05,111.94,0.6787,-1,-1,-1
69,437,1223.13,81.09,54.91,48.65,0.3740,-1,-1,-1
69,428,1181.01,100.02,61.07,58.65,0.2086,-1,-1,-1
69,438,1150.94,205.24,53.90,47.45,0.5770,-1,-1,-1
69,432,1481.30,264.38,104.53,101.29,0.8334,-1,-1,-1
69,442,559.09,537.04,78.67,77.80,0.2025,-1,-1,-1
69,445,1170.33,458.24,91.08,91.04,0.6635,-1,-1,-1
69,446,1190.66,497.22,180.73,297.99,0.7645,-1,-1,-1
69,447,1162.85,166.25,66.39,48.91,0.5288,-1,-1,-1
70,399,1519.30,7.85,72.02,64.69,0.7893,-1,-1,-1
70,416,1306.31,24.65,71.28,62.80,0.7716,-1,-1,-1
70,429,1047.49,14.97,91.44,85.11,0.8523,-1,-1,-1
70,418,689.95,483.73,62.16,57.92,0.7689,-1,-1,-1
70,396,1215.25,23.89,63.41,56.80,0.6888,-1,-1,-1
70,405,1274.21,76.67,71.81,65.30,0.7180,-1,-1,-1
70,403,1178.45,261.46,116.78,112.39,0.7651,-1,-1,-1
70,437,1221.75,80.03,55.71,49.65,0.5505,-1,-1,-1
70,428,1179.46,93.79,62.00,59.37,0.5481,-1,-1,-1
70,438,1150.27,201.95,53.51,47.27,0.6345,-1,-1,-1
70,432,1489.15,253.47,104.89,101.61,0.8912,-1,-1,-1
70,442,558.97,521.43,80.15,79.20,0.6229,-1,-1,-1
70,445,1171.04,444.19,91.40,91.41,0.1124,-1,-1,-1
70,446,1189.92,495.64,181.13,298.97,0.6476,-1,-1,-1
70,447,1161.03,165.06,67.35,49.67,0.5596,-1,-1,-1
71,399,1519.10,6.90,71.70,64.24,0.8150,-1,-1,-1
71,416,1305.21,22.49,71.12,62.77,0.8117,-1,-1,-1
71,429,1045.71,7.82,92.11,85.19,0.8695,-1,-1,-1
71,418,683.88,484.75,63.10,58.98,0.7623,-1,-1,-1
71,396,1214.45,23.22,62.64,56.34,0.6732,-1,-1,-1
71,405,1273.38,72.90,70.24,63.95,0.6812,-1,-1,-1
71,403,1175.57,261.05,116.46,111.89,0.7885,-1,-1,-1
71,437,1220.85,77.81,57.38,51.67,0.2841,-1,-1,-1
71,428,1178.93,87.78,61.94,58.97,0.6062,-1,-1,-1
71,438,1149.74,198.87,53.74,47.55,0.4212,-1,-1,-1
71,432,1499.52,244.13,102.28,99.21,0.8943,-1,-1,-1
71,442,559.01,508.42,81.24,80.32,0.8714,-1,-1,-1
71,445,1171.10,426.01,91.32,91.41,0.7668,-1,-1,-1
71,446,1189.26,493.99,181.14,299.62,0.7140,-1,-1,-1
71,447,1157.45,164.00,69.21,51.10,0.5663,-1,-1,-1
72,399,1519.59,5.83,71.00,63.27,0.7808,-1,-1,-1
72,416,1304.65,21.17,70.65,62.38,0.8120,-1,-1,-1
72,429,1043.94,2.20,92.71,85.19,0.8558,-1,-1,-1
72,418,677.60,486.55,63.15,59.50,0.6377,-1,-1,-1
72,396,1213.66,22.80,61.75,55.55,0.6540,-1,-1,-1
72,405,1271.06,69.10,69.63,63.73,0.6334,-1,-1,-1
72,403,1171.11,260.08,117.86,113.01,0.7361,-1,-1,-1
72,437,1215.40,78.35,61.38,55.77,0.1179,-1,-1,-1
72,428,1178.78,83.26,61.34,58.02,0.5928,-1,-1,-1
72,438,1149.85,197.22,52.49,46.44,0.1516,-1,-1,-1
72,432,1507.47,233.52,102.74,99.84,0.8889,-1,-1,-1
72,442,557.77,495.98,82.06,81.14,0.8107,-1,-1,-1
72,445,1172.32,409.45,88.48,88.52,0.7313,-1,-1,-1
72,446,1188.39,492.79,180.95,300.20,0.6646,-1,-1,-1
72,447,1158.79,164.07,67.04,49.65,0.5004,-1,-1,-1
73,399,1518.90,4.95,70.99,63.06,0.8160,-1,-1,-1
73,416,1304.02,19.99,70.49,62.23,0.8086,-1,-1,-1
73,429,1043.19,-1.84,91.74,83.49,0.8485,-1,-1,-1
73,418,673.07,489.08,62.19,59.09,0.7045,-1,-1,-1
73,396,1212.68,22.67,61.63,55.50,0.5057,-1,-1,-1
73,405,1269.48,65.79,69.19,63.57,0.7308,-1,-1,-1
73,403,1166.52,257.52,120.91,116.02,0.6934,-1,-1,-1
73,428,1178.63,77.55,62.32,58.28,0.3421,-1,-1,-1
73,438,1147.73,190.41,54.62,48.43,0.1734,-1,-1,-1
73,432,1517.75,224.53,102.00,99.12,0.8622,-1,-1,-1
73,442,558.94,484.28,79.76,78.56,0.8423,-1,-1,-1
73,445,1171.93,393.84,90.03,90.16,0.8570,-1,-1,-1
73,446,1186.26,492.79,179.70,299.44,0.5277,-1,-1,-1
73,447,1159.24,163.70,66.78,49.78,0.3010,-1,-1,-1
74,399,1518.35,3.80,71.06,62.94,0.8243,-1,-1,-1
74,416,1301.97,18.14,72.20,63.63,0.8164,-1,-1,-1
74,429,1043.17,-3.35,86.97,78.11,0.8067,-1,-1,-1
74,418,668.18,491.39,61.68,59.21,0.6878,-1,-1,-1
74,396,1211.86,22.40,61.41,55.38,0.4723,-1,-1,-1
74,405,1267.69,62.09,68.93,63.14,0.6820,-1,-1,-1
74,403,1162.88,255.50,122.37,117.72,0.6945,-1,-1,-1
74,428,1178.92,71.76,65.50,60.35,0.3793,-1,-1,-1
74,432,1527.11,215.04,100.84,98.28,0.8167,-1,-1,-1
74,442,559.14,472.60,78.91,77.45,0.8864,-1,-1,-1
74,445,1173.50,380.10,87.96,88.04,0.8709,-1,-1,-1
74,446,1183.71,491.82,178.80,299.32,0.3807,-1,-1,-1
74,447,1160.27,164.09,64.25,48.27,0.1434,-1,-1,-1
75,399,1518.13,3.09,70.23,62.17,0.8192,-1,-1,-1
75,416,1301.41,15.93,72.73,63.93,0.7980,-1,-1,-1
75,429,1043.10,-3.42,80.51,70.83,0.7936,-1,-1,-1
75,418,664.19,495.55,60.83,58.50,0.7580,-1,-1,-1
75,396,1211.17,22.39,60.83,54.87,0.3093,-1,-1,-1
75,405,1266.00,59.39,69.44,63.61,0.6504,-1,-1,-1
75,403,1159.66,254.99,123.36,119.50,0.4190,-1,-1,-1
75,428,1182.71,65.64,71.13,63.11,0.3232,-1,-1,-1
75,432,1533.36,204.52,102.25,100.02,0.8072,-1,-1,-1
75,442,559.69,460.42,79.11,77.29,0.8639,-1,-1,-1
75,445,1175.76,367.59,84.97,84.78,0.8346,-1,-1,-1
75,446,1179.76,489.18,179.50,302.22,0.5439,-1,-1,-1
76,399,1517.63,2.48,68.86,60.91,0.8287,-1,-1,-1
76,416,1300.95,15.11,72.00,63.21,0.7702,-1,-1,-1
76,429,1043.95,-3.00,74.53,63.98,0.8066,-1,-1,-1
76,418,659.97,497.90,61.59,59.58,0.7585,-1,-1,-1
76,396,1210.36,22.80,59.63,53.83,0.3251,-1,-1,-1
76,405,1264.75,56.45,68.71,62.77,0.5000,-1,-1,-1
76,403,1137.87,254.24,160.19,160.66,0.3197,-1,-1,-1
76,428,1182.86,62.00,74.03,63.87,0.5568,-1,-1,-1
76,432,1541.12,195.33,102.80,100.68,0.7686,-1,-1,-1
76,442,559.34,447.51,80.79,78.95,0.8748,-1,-1,-1
76,445,1177.77,353.80,83.74,83.07,0.3819,-1,-1,-1
76,446,1178.36,488.77,178.70,302.26,0.5487,-1,-1,-1
77,399,1517.82,1.89,68.34,60.42,0.8295,-1,-1,-1
77,416,1300.11,14.00,70.85,62.15,0.7832,-1,-1,-1
77,429,1045.46,-2.43,67.49,56.14,0.6852,-1,-1,-1
77,418,656.21,500.86,61.55,59.98,0.6890,-1,-1,-1
77,396,1209.09,22.89,59.36,53.76,0.2374,-1,-1,-1
77,405,1264.57,53.00,68.18,62.32,0.2696,-1,-1,-1
77,428,1178.21,58.82,72.34,62.21,0.5174,-1,-1,-1
77,432,1550.52,186.67,104.08,102.26,0.8167,-1,-1,-1
77,442,558.70,435.97,80.80,78.92,0.7849,-1,-1,-1
77,445,1179.38,348.21,76.41,74.76,0.1838,-1,-1,-1
77,446,1176.05,487.41,178.60,303.54,0.3585,-1,-1,-1
78,399,1517.62,1.15,67.70,59.82,0.8382,-1,-1,-1
78,416,1299.42,13.53,69.85,61.25,0.7004,-1,-1,-1
78,429,1047.12,-1.48,60.38,47.98,0.6959,-1,-1,-1
78,418,652.99,502.40,60.70,59.64,0.6033,-1,-1,-1
78,405,1261.49,48.08,69.91,64.06,0.1502,-1,-1,-1
78,428,1177.03,55.07,73.31,62.81,0.1477,-1,-1,-1
78,432,1559.33,177.89,105.11,103.31,0.8282,-1,-1,-1
78,442,559.91,425.52,79.24,77.18,0.7994,-1,-1,-1
78,446,1174.05,485.95,178.71,304.84,0.2082,-1,-1,-1
79,399,1517.65,0.84,67.16,59.12,0.8408,-1,-1,-1
79,416,1298.62,12.58,68.92,60.28,0.7758,-1,-1,-1
79,429,1047.62,-0.54,54.71,41.00,0.5365,-1,-1,-1
79,418,649.81,504.32,59.36,58.45,0.4184,-1,-1,-1
79,405,1259.31,43.75,71.83,66.03,0.2984,-1,-1,-1
79,428,1175.32,50.28,71.30,61.24,0.1150,-1,-1,-1
79,432,1570.15,170.26,103.23,101.18,0.8777,-1,-1,-1
79,442,559.51,414.66,78.85,76.70,0.8364,-1,-1,-1
79,446,1172.03,484.89,178.61,305.89,0.2969,-1,-1,-1
80,399,1517.86,0.28,67.18,58.84,0.8275,-1,-1,-1
80,416,1296.86,11.50,68.31,59.54,0.7804,-1,-1,-1
80,429,1047.45,-0.15,51.22,36.30,0.4380,-1,-1,-1
80,418,645.70,509.45,56.71,55.57,0.4628,-1,-1,-1
80,405,1256.79,39.99,72.88,66.95,0.6548,-1,-1,-1
80,428,1171.90,44.34,70.37,60.93,0.4455,-1,-1,-1
80,432,1578.96,162.00,102.89,100.82,0.8664,-1,-1,-1
80,442,560.24,403.32,79.44,77.52,0.8286,-1,-1,-1
80,446,1169.74,484.74,178.57,306.71,0.2395,-1,-1,-1
80,437,1211.08,84.09,50.92,46.05,0.6398,-1,-1,-1
81,399,1518.09,0.58,65.83,57.32,0.8246,-1,-1,-1
81,416,1295.86,11.02,67.85,58.77,0.7602,-1,-1,-1
81,429,1048.32,-0.10,46.08,30.48,0.1264,-1,-1,-1
81,418,641.04,513.87,54.79,53.56,0.4391,-1,-1,-1
81,405,1256.17,37.62,72.65,66.41,0.5242,-1,-1,-1
81,428,1170.92,37.52,73.38,63.88,0.2833,-1,-1,-1
81,432,1586.36,153.12,103.70,101.90,0.8756,-1,-1,-1
81,442,560.21,393.35,79.20,77.21,0.8502,-1,-1,-1
81,446,1167.00,484.38,178.57,307.75,0.2338,-1,-1,-1
81,437,1209.97,83.65,51.89,47.10,0.6593,-1,-1,-1
82,399,1517.86,0.33,65.77,57.02,0.8187,-1,-1,-1
82,416,1294.46,9.39,67.40,58.19,0.7059,-1,-1,-1
82,418,634.17,518.23,54.12,52.52,0.2789,-1,-1,-1
82,405,1253.98,35.38,70.04,63.47,0.7363,-1,-1,-1
82,428,1174.09,28.64,76.71,65.97,0.1215,-1,-1,-1
82,432,1600.89,141.03,103.59,101.87,0.8632,-1,-1,-1
82,442,560.87,376.55,77.73,75.42,0.8724,-1,-1,-1
82,446,1163.34,482.68,179.17,309.73,0.2819,-1,-1,-1
82,437,1208.00,85.81,51.32,46.55,0.6139,-1,-1,-1
82,403,1124.46,258.04,136.59,136.63,0.8213,-1,-1,-1
83,399,1518.12,0.16,65.91,56.86,0.7889,-1,-1,-1
83,416,1293.81,8.09,66.67,57.44,0.5308,-1,-1,-1
83,418,628.45,521.36,55.44,53.58,0.4616,-1,-1,-1
83,405,1252.89,34.42,68.07,61.15,0.5810,-1,-1,-1
83,432,1612.30,132.19,104.27,102.46,0.8812,-1,-1,-1
83,442,560.88,365.98,76.41,73.45,0.8351,-1,-1,-1
83,446,1161.99,482.86,178.62,309.50,0.4273,-1,-1,-1
83,437,1206.03,87.04,51.92,47.08,0.5490,-1,-1,-1
83,403,1123.17,260.47,134.42,133.49,0.8209,-1,-1,-1
84,399,1518.30,0.13,64.94,55.51,0.7987,-1,-1,-1
84,416,1292.51,8.17,66.35,56.94,0.6568,-1,-1,-1
84,418,624.28,524.62,55.19,53.07,0.1892,-1,-1,-1
84,405,1250.08,32.62,67.97,60.38,0.4356,-1,-1,-1
84,432,1620.95,125.20,103.65,101.94,0.8490,-1,-1,-1
84,442,562.23,355.23,77.08,73.93,0.7935,-1,-1,-1
84,446,1161.35,482.72,178.28,309.77,0.3445,-1,-1,-1
84,437,1204.14,88.00,52.15,47.33,0.5323,-1,-1,-1
84,403,1117.06,257.92,140.08,138.87,0.8465,-1,-1,-1
84,447,1158.75,153.62,60.76,46.48,0.5079,-1,-1,-1
85,399,1518.64,-0.05,64.81,54.90,0.8128,-1,-1,-1
85,416,1291.97,7.84,65.65,56.09,0.6860,-1,-1,-1
85,418,619.99,528.80,53.88,51.36,0.2200,-1,-1,-1
85,405,1248.90,32.46,65.82,58.25,0.5027,-1,-1,-1
85,432,1629.83,118.59,102.78,100.39,0.8358,-1,-1,-1
85,442,562.59,345.46,77.73,74.57,0.8667,-1,-1,-1
85,446,1160.92,482.19,178.24,310.40,0.2438,-1,-1,-1
85,437,1202.89,89.37,52.02,47.28,0.5357,-1,-1,-1
85,403,1107.36,247.18,153.38,153.43,0.7153,-1,-1,-1
85,447,1159.32,153.41,58.06,44.85,0.6130,-1,-1,-1
86,399,1518.63,-0.28,66.46,56.07,0.8218,-1,-1,-1
86,416,1290.70,6.89,66.21,56.25,0.7314,-1,-1,-1
86,418,613.95,530.42,57.03,54.19,0.6293,-1,-1,-1
86,405,1247.22,30.54,66.07,58.18,0.4422,-1,-1,-1
86,432,1637.97,112.22,101.99,99.35,0.8631,-1,-1,-1
86,442,564.38,337.00,76.27,73.23,0.7776,-1,-1,-1
86,446,1161.99,480.99,178.18,311.95,0.3838,-1,-1,-1
86,437,1201.21,90.09,51.96,47.21,0.4936,-1,-1,-1
86,403,1103.64,259.64,145.80,145.56,0.8301,-1,-1,-1
86,447,1159.53,153.11,56.56,43.75,0.7033,-1,-1,-1
86,445,1181.24,231.10,76.35,73.77,0.8077,-1,-1,-1
87,399,1519.45,-0.34,67.32,56.37,0.8254,-1,-1,-1
87,416,1289.11,6.65,66.40,55.92,0.7407,-1,-1,-1
87,418,608.46,532.96,58.87,56.23,0.6509,-1,-1,-1
87,405,1247.24,29.67,64.40,56.61,0.3331,-1,-1,-1
87,432,1646.16,105.55,103.35,100.95,0.8127,-1,-1,-1
87,442,564.41,328.41,76.53,73.24,0.8351,-1,-1,-1
87,446,1159.02,480.99,178.60,312.93,0.5449,-1,-1,-1
87,437,1200.23,91.60,51.77,47.20,0.5500,-1,-1,-1
87,403,1098.90,268.15,144.00,143.35,0.8580,-1,-1,-1
87,447,1159.43,153.20,56.17,43.45,0.6688,-1,-1,-1
87,445,1179.89,221.90,78.04,74.71,0.7863,-1,-1,-1
87,428,1174.37,18.39,74.81,62.77,0.5082,-1,-1,-1
88,399,1519.49,-0.33,66.23,54.87,0.8323,-1,-1,-1
88,416,1288.04,6.63,66.69,55.95,0.7460,-1,-1,-1
88,418,606.77,538.75,55.19,52.32,0.1152,-1,-1,-1
88,405,1245.64,27.02,64.79,57.02,0.1507,-1,-1,-1
88,432,1652.31,98.20,106.70,104.23,0.8153,-1,-1,-1
88,442,564.69,321.33,76.36,72.89,0.8710,-1,-1,-1
88,446,1159.38,481.02,178.60,313.49,0.6217,-1,-1,-1
88,437,1199.16,92.31,52.28,47.83,0.5493,-1,-1,-1
88,403,1093.01,274.39,144.16,143.66,0.8657,-1,-1,-1
88,447,1159.75,153.58,55.07,42.68,0.6002,-1,-1,-1
88,445,1179.92,211.97,80.36,76.99,0.8292,-1,-1,-1
88,428,1172.74,16.76,78.17,64.57,0.5563,-1,-1,-1
89,399,1519.08,-0.29,65.77,54.11,0.8385,-1,-1,-1
89,416,1287.29,6.47,67.03,56.01,0.6672,-1,-1,-1
89,432,1660.86,91.62,108.34,106.31,0.7513,-1,-1,-1
89,442,564.95,314.97,76.32,72.62,0.8174,-1,-1,-1
89,446,1158.85,481.05,177.95,313.56,0.6758,-1,-1,-1
89,437,1197.45,93.61,52.78,48.51,0.4944,-1,-1,-1
89,403,1086.88,277.73,147.87,147.72,0.7187,-1,-1,-1
89,447,1158.78,153.15,56.16,43.67,0.6353,-1,-1,-1
89,445,1179.82,203.12,80.46,76.95,0.8307,-1,-1,-1
89,428,1171.66,14.93,81.42,66.28,0.4652,-1,-1,-1
90,399,1519.35,-0.19,66.08,54.07,0.8296,-1,-1,-1
90,416,1286.61,6.52,67.33,55.87,0.5006,-1,-1,-1
90,432,1668.32,85.32,109.40,107.28,0.7287,-1,-1,-1
90,442,565.83,308.16,74.60,70.85,0.7418,-1,-1,-1
90,446,1162.30,480.94,176.14,313.30,0.6349,-1,-1,-1
90,437,1195.41,93.41,54.47,50.24,0.3756,-1,-1,-1
90,403,1080.44,280.99,151.17,151.36,0.5746,-1,-1,-1
90,447,1158.39,152.77,56.70,44.11,0.6233,-1,-1,-1
90,445,1178.84,193.24,82.59,79.31,0.8797,-1,-1,-1
90,428,1172.80,12.48,86.59,68.73,0.3405,-1,-1,-1
91,399,1519.04,-0.21,67.83,55.34,0.8232,-1,-1,-1
91,416,1285.89,6.13,68.64,56.84,0.6208,-1,-1,-1
91,432,1674.41,80.04,110.65,108.25,0.7529,-1,-1,-1
91,442,565.49,299.73,75.86,72.15,0.8051,-1,-1,-1
91,446,1164.48,481.17,174.13,312.32,0.5585,-1,-1,-1
91,437,1194.56,95.39,54.25,50.10,0.5030,-1,-1,-1
91,403,1074.26,285.68,153.19,153.79,0.4225,-1,-1,-1
91,447,1158.52,152.86,56.28,43.87,0.6480,-1,-1,-1
91,445,1180.20,185.03,81.13,77.84,0.8380,-1,-1,-1
92,399,1518.38,-0.20,68.99,56.30,0.8158,-1,-1,-1
92,416,1284.72,5.81,69.38,57.17,0.2539,-1,-1,-1
92,432,1683.21,75.74,107.00,104.38,0.7874,-1,-1,-1
92,442,566.43,292.68,75.43,71.78,0.7470,-1,-1,-1
92,446,1165.49,481.00,172.42,312.66,0.6255,-1,-1,-1
92,437,1193.20,95.30,55.55,51.51,0.5691,-1,-1,-1
92,403,1068.66,291.05,155.12,155.66,0.6687,-1,-1,-1
92,447,1161.25,152.42,53.74,41.66,0.2877,-1,-1,-1
92,445,1179.94,177.51,80.09,76.57,0.8422,-1,-1,-1
93,399,1518.19,-0.19,69.57,56.86,0.8178,-1,-1,-1
93,416,1283.26,5.05,70.73,58.14,0.3288,-1,-1,-1
93,432,1691.70,70.74,106.42,103.68,0.7528,-1,-1,-1
93,442,567.92,286.03,74.89,71.43,0.6920,-1,-1,-1
93,446,1167.79,480.71,170.26,312.29,0.5777,-1,-1,-1
93,437,1193.05,98.47,54.26,50.03,0.4051,-1,-1,-1
93,403,1063.10,297.27,155.82,156.06,0.8442,-1,-1,-1
93,445,1180.47,169.50,79.05,75.25,0.8278,-1,-1,-1
94,399,1518.17,-0.17,70.39,57.51,0.8277,-1,-1,-1
94,416,1282.69,4.50,72.15,59.53,0.6501,-1,-1,-1
94,432,1701.53,65.74,105.22,102.06,0.8295,-1,-1,-1
94,442,567.59,278.12,76.03,72.56,0.7952,-1,-1,-1
94,446,1167.87,481.73,168.32,311.65,0.6772,-1,-1,-1
94,437,1190.25,99.32,55.96,51.56,0.2352,-1,-1,-1
94,403,1055.56,303.89,158.48,158.75,0.8447,-1,-1,-1
94,445,1178.92,161.29,80.53,76.58,0.8345,-1,-1,-1
95,399,1518.25,-0.15,70.52,57.69,0.8434,-1,-1,-1
95,416,1282.41,5.09,71.30,58.90,0.6830,-1,-1,-1
95,432,1709.61,60.45,105.85,102.33,0.8401,-1,-1,-1
95,442,567.34,271.53,77.34,73.74,0.8458,-1,-1,-1
95,446,1169.30,482.78,165.76,310.45,0.6301,-1,-1,-1
95,437,1189.03,100.81,56.28,51.65,0.1675,-1,-1,-1
95,403,1046.19,309.39,162.55,163.35,0.7942,-1,-1,-1
95,445,1178.65,154.98,79.65,75.26,0.8434,-1,-1,-1
95,428,1162.79,0.96,68.52,54.59,0.6067,-1,-1,-1
96,399,1518.34,-0.13,70.78,57.98,0.8428,-1,-1,-1
96,416,1282.37,5.87,70.82,58.53,0.6517,-1,-1,-1
96,432,1717.65,55.76,106.49,102.47,0.8348,-1,-1,-1
96,442,566.95,264.74,78.73,74.71,0.8309,-1,-1,-1
96,446,1169.19,484.42,162.83,308.26,0.6138,-1,-1,-1
96,437,1189.42,104.21,53.70,49.05,0.1735,-1,-1,-1
96,403,1038.71,317.52,164.78,166.21,0.7614,-1,-1,-1
96,445,1177.71,148.72,78.97,73.94,0.8681,-1,-1,-1
96,428,1161.22,0.46,64.67,51.63,0.3743,-1,-1,-1
97,399,1518.58,-0.12,71.34,58.53,0.8425,-1,-1,-1
97,416,1282.50,7.46,69.42,57.23,0.6458,-1,-1,-1
97,432,1726.13,51.33,106.55,101.93,0.8412,-1,-1,-1
97,442,566.89,260.16,77.57,73.49,0.8300,-1,-1,-1
97,446,1169.06,485.45,159.97,305.97,0.6776,-1,-1,-1
97,437,1190.07,105.40,53.34,48.38,0.1492,-1,-1,-1
97,403,1029.21,326.29,167.64,169.08,0.6422,-1,-1,-1
97,445,1179.66,142.76,77.81,72.76,0.8440,-1,-1,-1
97,428,1160.82,-0.65,62.90,50.10,0.4107,-1,-1,-1
98,399,1518.55,-0.10,71.94,59.16,0.8456,-1,-1,-1
98,416,1282.29,8.72,68.41,56.28,0.5247,-1,-1,-1
98,432,1733.68,46.61,107.86,102.92,0.8437,-1,-1,-1
98,442,566.26,253.08,77.61,73.37,0.9042,-1,-1,-1
98,446,1168.53,486.66,158.33,305.11,0.3517,-1,-1,-1
98,437,1193.08,108.66,47.89,41.96,0.2394,-1,-1,-1
98,403,1018.98,334.44,172.19,173.99,0.5590,-1,-1,-1
98,445,1176.98,134.66,79.41,73.47,0.8667,-1,-1,-1
98,428,1160.64,-0.94,61.31,48.60,0.5166,-1,-1,-1
98,405,1230.82,14.49,66.82,59.49,0.5052,-1,-1,-1
99,399,1518.26,0.02,72.23,59.66,0.8430,-1,-1,-1
99,416,1282.24,9.14,69.13,56.99,0.3115,-1,-1,-1
99,432,1742.93,41.86,108.50,103.26,0.8380,-1,-1,-1
99,442,567.17,248.68,76.61,72.32,0.8513,-1,-1,-1
99,446,1168.35,487.34,156.79,304.19,0.1905,-1,-1,-1
99,403,1008.31,343.76,177.37,179.11,0.5775,-1,-1,-1
99,445,1176.63,129.72,78.98,72.33,0.8621,-1,-1,-1
99,428,1160.39,-0.93,59.40,46.57,0.6266,-1,-1,-1
99,448,1189.67,40.12,63.39,55.72,0.5851,-1,-1,-1
99,405,1229.24,14.22,66.14,59.18,0.2763,-1,-1,-1
100,399,1518.22,0.31,72.51,60.17,0.8384,-1,-1,-1
100,416,1280.85,9.02,71.65,59.15,0.3895,-1,-1,-1
100,432,1751.65,38.41,109.03,103.85,0.8370,-1,-1,-1
100,442,567.10,243.01,76.51,72.41,0.8377,-1,-1,-1
100,446,1167.57,489.02,155.15,302.83,0.2159,-1,-1,-1
100,403,1000.49,354.68,178.64,179.91,0.6555,-1,-1,-1
100,445,1174.46,119.82,83.04,75.95,0.8182,-1,-1,-1
100,428,1160.20,-0.82,58.02,44.83,0.5552,-1,-1,-1
100,448,1188.79,39.99,64.23,56.49,0.2587,-1,-1,-1
100,405,1227.39,13.82,65.96,59.15,0.2708,-1,-1,-1
101,399,1518.17,0.50,72.67,60.55,0.8372,-1,-1,-1
101,416,1281.71,11.06,70.19,58.03,0.3203,-1,-1,-1
101,432,1760.86,35.79,108.27,103.20,0.8371,-1,-1,-1
101,442,566.84,237.15,76.49,72.60,0.8580,-1,-1,-1
101,403,990.23,366.23,182.88,184.11,0.6943,-1,-1,-1
101,445,1175.17,113.73,83.91,76.62,0.7958,-1,-1,-1
101,428,1160.60,-0.70,55.61,42.16,0.5245,-1,-1,-1
101,405,1226.71,13.94,64.87,58.21,0.2146,-1,-1,-1
102,399,1518.76,1.97,71.42,59.68,0.8157,-1,-1,-1
102,416,1281.84,12.41,69.19,57.40,0.3614,-1,-1,-1
102,432,1769.86,32.75,107.77,102.73,0.8201,-1,-1,-1
102,442,567.71,231.31,75.57,71.83,0.8902,-1,-1,-1
102,403,979.36,378.78,188.28,190.07,0.6970,-1,-1,-1
102,445,1177.36,108.19,81.73,74.65,0.7802,-1,-1,-1
102,428,1160.80,-0.58,53.77,39.93,0.4565,-1,-1,-1
102,405,1226.87,12.28,65.87,59.10,0.3171,-1,-1,-1
103,399,1518.59,2.37,71.70,60.19,0.7927,-1,-1,-1
103,416,1281.91,13.33,68.89,57.21,0.4818,-1,-1,-1
103,432,1777.48,30.94,107.11,102.20,0.8449,-1,-1,-1
103,442,568.33,226.68,75.37,71.58,0.8751,-1,-1,-1
103,403,969.13,392.40,192.93,194.84,0.7948,-1,-1,-1
103,445,1178.53,103.40,80.34,73.28,0.7859,-1,-1,-1
103,428,1160.71,-0.48,53.13,38.88,0.6277,-1,-1,-1
103,405,1226.15,11.89,64.81,58.47,0.3321,-1,-1,-1
104,399,1518.71,2.06,72.75,61.45,0.7939,-1,-1,-1
104,416,1281.11,14.53,68.28,56.88,0.6719,-1,-1,-1
104,432,1788.40,28.39,106.21,101.48,0.8541,-1,-1,-1
104,442,568.54,222.62,74.42,70.89,0.8310,-1,-1,-1
104,403,957.41,408.09,195.44,197.47,0.8000,-1,-1,-1
104,445,1179.17,99.32,78.44,71.61,0.7842,-1,-1,-1
104,428,1161.85,-0.40,50.69,36.38,0.6165,-1,-1,-1
104,405,1225.59,12.02,63.62,57.81,0.4421,-1,-1,-1
105,399,1519.07,3.98,71.77,60.97,0.7910,-1,-1,-1
105,416,1280.38,15.02,69.03,57.67,0.6424,-1,-1,-1
105,432,1796.66,24.89,107.21,102.34,0.8702,-1,-1,-1
105,442,568.34,217.23,74.83,71.57,0.7877,-1,-1,-1
105,403,944.03,423.83,200.54,202.75,0.7478,-1,-1,-1
105,445,1177.96,94.83,81.11,74.63,0.7278,-1,-1,-1
105,428,1162.89,-0.33,49.45,34.80,0.6032,-1,-1,-1
105,405,1224.98,12.21,63.37,57.53,0.5021,-1,-1,-1
106,399,1519.92,5.39,71.35,61.19,0.7314,-1,-1,-1
106,416,1280.26,16.11,69.20,58.14,0.5861,-1,-1,-1
106,432,1806.43,23.25,105.41,100.47,0.8582,-1,-1,-1
106,442,567.38,213.33,74.46,71.45,0.7922,-1,-1,-1
106,403,929.08,440.22,208.00,211.14,0.6618,-1,-1,-1
106,445,1179.76,89.88,78.43,72.40,0.7654,-1,-1,-1
106,428,1163.37,-0.27,48.55,33.65,0.5956,-1,-1,-1
106,405,1224.50,13.20,61.94,56.40,0.4230,-1,-1,-1
106,447,1177.35,142.80,49.17,37.76,0.5553,-1,-1,-1
107,399,1521.57,8.36,70.10,60.51,0.4935,-1,-1,-1
107,416,1279.01,18.26,68.89,58.45,0.6495,-1,-1,-1
107,432,1818.58,19.64,104.43,100.45,0.8838,-1,-1,-1
107,442,566.18,205.14,75.88,72.89,0.8616,-1,-1,-1
107,403,907.06,472.07,213.90,217.16,0.7738,-1,-1,-1
107,445,1180.29,78.27,79.15,73.47,0.8051,-1,-1,-1
107,428,1162.38,-0.21,47.08,32.01,0.4862,-1,-1,-1
107,405,1223.32,14.46,61.51,55.99,0.5237,-1,-1,-1
107,447,1175.16,139.60,56.79,44.41,0.6432,-1,-1,-1
108,399,1522.56,10.94,69.23,60.05,0.5041,-1,-1,-1
108,416,1278.12,19.41,68.86,59.13,0.5905,-1,-1,-1
108,432,1826.43,16.31,103.24,101.10,0.8325,-1,-1,-1
108,442,566.12,201.14,74.95,72.02,0.8046,-1,-1,-1
108,403,889.31,498.70,219.66,222.88,0.5393,-1,-1,-1
108,445,1178.94,69.14,81.67,76.37,0.7777,-1,-1,-1
108,428,1163.52,-0.00,43.57,28.81,0.3501,-1,-1,-1
108,405,1222.63,15.21,61.07,55.61,0.4223,-1,-1,-1
108,447,1172.44,139.01,61.66,49.24,0.7492,-1,-1,-1
109,399,1523.14,12.78,69.55,60.86,0.4670,-1,-1,-1
109,416,1277.84,21.32,67.75,58.64,0.6632,-1,-1,-1
109,432,1833.37,14.33,101.02,101.60,0.8227,-1,-1,-1
109,442,565.67,196.25,75.75,73.06,0.7634,-1,-1,-1
109,403,870.45,523.96,229.74,234.36,0.3449,-1,-1,-1
109,445,1179.77,65.87,80.13,74.98,0.6968,-1,-1,-1
109,428,1162.08,-0.09,44.20,28.49,0.3038,-1,-1,-1
109,405,1222.03,16.08,61.03,55.56,0.4057,-1,-1,-1
109,447,1171.26,139.99,62.07,50.47,0.5577,-1,-1,-1
110,399,1524.08,14.02,69.16,61.21,0.4322,-1,-1,-1
110,416,1276.92,23.14,67.33,58.70,0.7142,-1,-1,-1
110,432,1841.12,12.96,96.61,100.55,0.7918,-1,-1,-1
110,442,566.02,193.10,74.97,72.71,0.6321,-1,-1,-1
110,403,853.29,549.50,230.71,234.94,0.1467,-1,-1,-1
110,445,1180.38,63.38,78.19,72.89,0.7585,-1,-1,-1
110,428,1161.08,-0.11,44.99,28.27,0.2984,-1,-1,-1
110,405,1220.68,16.15,62.61,57.15,0.3053,-1,-1,-1
110,447,1167.57,142.56,64.69,53.62,0.2277,-1,-1,-1
111,399,1524.15,14.62,69.36,62.04,0.5562,-1,-1,-1
111,416,1276.57,25.14,66.71,58.45,0.7010,-1,-1,-1
111,432,1848.35,10.95,93.43,101.81,0.6902,-1,-1,-1
111,442,566.38,189.86,73.71,71.69,0.6350,-1,-1,-1
111,403,836.51,576.08,237.01,241.78,0.2485,-1,-1,-1
111,445,1181.34,59.94,76.66,71.12,0.7709,-1,-1,-1
111,428,1160.99,-0.11,43.99,26.79,0.2012,-1,-1,-1
111,405,1220.02,16.47,62.89,57.56,0.3374,-1,-1,-1
111,447,1165.14,146.64,65.87,55.42,0.4167,-1,-1,-1
112,399,1525.05,16.66,68.79,62.16,0.4347,-1,-1,-1
112,416,1277.46,27.25,66.02,58.23,0.6062,-1,-1,-1
112,432,1855.11,9.72,89.53,102.88,0.5227,-1,-1,-1
112,442,566.37,186.16,72.86,70.76,0.6880,-1,-1,-1
112,403,818.74,604.06,242.96,248.14,0.1682,-1,-1,-1
112,445,1180.20,57.41,78.58,73.06,0.7902,-1,-1,-1
112,428,1160.35,-0.09,44.29,26.25,0.2164,-1,-1,-1
112,405,1218.95,17.47,63.10,57.89,0.2885,-1,-1,-1
112,447,1162.43,150.55,65.79,55.77,0.4896,-1,-1,-1
113,399,1526.45,18.80,67.90,61.96,0.6378,-1,-1,-1
113,416,1277.69,28.76,66.01,58.53,0.5234,-1,-1,-1
113,432,1863.86,9.50,82.31,100.57,0.6427,-1,-1,-1
113,442,564.08,180.32,76.50,74.40,0.5473,-1,-1,-1
113,403,799.19,632.79,250.00,255.51,0.2848,-1,-1,-1
113,445,1178.31,54.46,82.51,77.39,0.7725,-1,-1,-1
113,428,1160.04,-0.08,44.96,26.09,0.1285,-1,-1,-1
113,447,1162.55,155.04,63.27,54.01,0.5170,-1,-1,-1
114,399,1529.03,21.93,66.06,61.09,0.3015,-1,-1,-1
114,416,1278.26,31.29,64.87,57.85,0.4920,-1,-1,-1
114,442,563.31,178.59,76.55,74.52,0.7281,-1,-1,-1
114,445,1180.24,49.68,79.05,74.71,0.4987,-1,-1,-1
114,447,1160.86,157.37,64.54,55.64,0.2781,-1,-1,-1
115,399,1530.49,23.47,65.71,61.64,0.2727,-1,-1,-1
115,416,1278.41,34.48,64.33,57.58,0.5078,-1,-1,-1
115,442,564.42,176.74,73.65,71.59,0.4664,-1,-1,-1
115,445,1183.66,46.56,74.41,70.16,0.3281,-1,-1,-1
116,399,1531.22,27.72,63.16,59.56,0.3045,-1,-1,-1
116,416,1277.50,37.30,63.76,57.28,0.5119,-1,-1,-1
116,442,564.95,174.49,73.21,71.20,0.3505,-1,-1,-1
116,445,1184.90,43.01,72.77,68.57,0.2648,-1,-1,-1
117,399,1531.45,30.88,62.71,59.40,0.5971,-1,-1,-1
117,416,1276.85,38.67,63.32,57.26,0.6353,-1,-1,-1
117,442,564.89,172.89,71.38,69.25,0.2620,-1,-1,-1
117,445,1185.85,37.13,74.91,70.47,0.3119,-1,-1,-1
117,446,1151.36,521.71,148.66,279.53,0.5684,-1,-1,-1
118,399,1533.92,34.39,61.23,58.49,0.4464,-1,-1,-1
118,416,1275.84,39.35,65.39,59.63,0.4963,-1,-1,-1
118,442,564.77,170.17,68.80,67.01,0.3514,-1,-1,-1
118,445,1186.51,28.51,79.73,74.56,0.5170,-1,-1,-1
118,446,1149.00,521.31,152.68,280.59,0.5562,-1,-1,-1
119,399,1534.76,36.81,62.48,60.34,0.6317,-1,-1,-1
119,416,1275.72,41.07,65.86,60.44,0.4638,-1,-1,-1
119,442,564.71,167.26,68.22,66.48,0.6834,-1,-1,-1
119,445,1187.74,26.43,78.95,73.16,0.6857,-1,-1,-1
119,446,1147.97,523.26,154.91,279.06,0.4371,-1,-1,-1
120,399,1538.21,40.41,59.91,58.18,0.6752,-1,-1,-1
120,416,1275.53,43.53,65.83,60.91,0.5523,-1,-1,-1
120,442,564.10,165.94,68.30,66.47,0.7582,-1,-1,-1
120,445,1188.13,25.64,78.72,72.04,0.6718,-1,-1,-1
120,446,1148.40,525.49,157.22,276.91,0.5953,-1,-1,-1
121,399,1540.32,43.21,58.21,56.60,0.6475,-1,-1,-1
121,416,1275.16,46.53,65.52,60.96,0.5323,-1,-1,-1
121,442,564.02,164.30,66.92,64.87,0.7354,-1,-1,-1
121,445,1188.55,24.95,78.59,71.10,0.4026,-1,-1,-1
121,446,1148.61,527.57,159.31,274.71,0.5177,-1,-1,-1
122,399,1540.79,45.79,59.28,57.73,0.7058,-1,-1,-1
122,416,1275.09,50.15,64.88,60.61,0.5434,-1,-1,-1
122,442,564.05,163.22,66.27,63.79,0.7488,-1,-1,-1
122,445,1187.41,23.06,79.14,70.75,0.3521,-1,-1,-1
122,446,1146.41,528.51,160.17,272.97,0.5301,-1,-1,-1
122,437,1175.14,115.37,62.05,55.14,0.5794,-1,-1,-1
123,399,1541.23,48.55,60.34,59.01,0.6782,-1,-1,-1
123,416,1274.94,52.99,64.94,60.85,0.5122,-1,-1,-1
123,442,561.95,160.11,68.92,65.79,0.8097,-1,-1,-1
123,445,1187.56,21.24,79.98,70.81,0.3648,-1,-1,-1
123,446,1145.41,528.82,161.31,272.49,0.3568,-1,-1,-1
123,449,598.38,503.94,297.60,287.98,0.5078,-1,-1,-1
123,437,1174.27,117.79,63.45,57.28,0.5125,-1,-1,-1
124,399,1542.33,51.21,60.71,59.49,0.7284,-1,-1,-1
124,416,1275.10,57.65,63.64,59.70,0.6367,-1,-1,-1
124,442,560.41,158.22,70.22,66.54,0.8034,-1,-1,-1
124,445,1186.46,18.68,81.15,71.45,0.5880,-1,-1,-1
124,446,1144.88,530.26,161.55,270.87,0.3498,-1,-1,-1
124,449,579.59,468.73,296.27,286.52,0.4158,-1,-1,-1
124,437,1174.80,122.16,61.91,55.99,0.4015,-1,-1,-1
125,399,1543.60,53.43,60.99,59.82,0.7588,-1,-1,-1
125,416,1275.02,61.63,62.37,58.43,0.7436,-1,-1,-1
125,442,559.76,156.67,70.38,66.23,0.8133,-1,-1,-1
125,445,1184.52,16.56,83.68,73.78,0.6918,-1,-1,-1
125,446,1144.78,531.36,162.23,269.99,0.1647,-1,-1,-1
125,449,552.14,426.03,306.56,296.44,0.1806,-1,-1,-1
125,437,1174.35,126.32,62.13,56.25,0.6104,-1,-1,-1
126,399,1545.35,57.74,60.89,59.62,0.7704,-1,-1,-1
126,416,1274.71,65.34,61.81,57.94,0.7626,-1,-1,-1
126,442,559.62,155.77,69.99,65.81,0.7848,-1,-1,-1
126,445,1183.43,14.76,86.08,76.36,0.7679,-1,-1,-1
126,446,1145.19,531.82,162.63,268.73,0.1742,-1,-1,-1
126,449,522.32,386.02,317.97,307.82,0.5252,-1,-1,-1
126,437,1174.25,131.74,61.91,55.87,0.6964,-1,-1,-1
127,399,1546.34,61.37,61.92,60.80,0.7486,-1,-1,-1
127,416,1274.80,69.11,61.50,57.63,0.7639,-1,-1,-1
127,442,558.93,154.14,70.72,66.29,0.8154,-1,-1,-1
127,445,1182.71,13.21,87.48,78.27,0.7520,-1,-1,-1
127,446,1144.88,532.06,163.45,268.30,0.2757,-1,-1,-1
127,449,499.18,346.88,320.62,310.48,0.5942,-1,-1,-1
127,437,1173.26,136.30,63.30,57.10,0.7097,-1,-1,-1
128,399,1547.83,64.72,61.96,61.13,0.7239,-1,-1,-1
128,416,1274.78,72.33,61.49,57.70,0.7588,-1,-1,-1
128,442,559.49,153.42,68.90,64.17,0.7863,-1,-1,-1
128,445,1181.50,11.20,89.75,81.18,0.6967,-1,-1,-1
128,446,1144.63,532.17,164.63,268.48,0.2908,-1,-1,-1
128,449,474.15,306.03,326.29,316.33,0.4358,-1,-1,-1
128,437,1173.42,140.98,62.82,56.73,0.6547,-1,-1,-1
129,399,1549.28,68.41,61.38,60.83,0.6852,-1,-1,-1
129,416,1274.76,75.77,61.71,57.96,0.7635,-1,-1,-1
129,442,558.91,152.36,68.22,63.37,0.5463,-1,-1,-1
129,445,1181.95,9.68,89.55,81.95,0.5233,-1,-1,-1
129,446,1144.64,533.54,164.87,267.27,0.2479,-1,-1,-1
129,449,449.16,266.27,330.71,320.79,0.6799,-1,-1,-1
129,437,1171.62,145.90,63.39,57.47,0.5517,-1,-1,-1
130,399,1550.32,73.12,61.02,60.69,0.7346,-1,-1,-1
130,416,1275.28,80.09,60.78,56.97,0.6872,-1,-1,-1
130,442,558.55,151.66,66.42,61.09,0.6080,-1,-1,-1
130,445,1186.08,9.69,78.93,71.83,0.4493,-1,-1,-1
130,446,1144.49,534.20,165.30,266.31,0.1476,-1,-1,-1
130,449,424.32,226.46,336.45,326.80,0.7688,-1,-1,-1
130,437,1171.15,151.11,63.30,57.43,0.5626,-1,-1,-1
131,399,1551.65,76.92,60.86,60.76,0.7741,-1,-1,-1
131,416,1274.74,84.01,61.09,56.96,0.7323,-1,-1,-1
131,442,561.28,150.40,57.57,51.52,0.2740,-1,-1,-1
131,445,1187.77,7.67,74.72,67.77,0.3871,-1,-1,-1
131,446,1144.08,534.56,166.06,265.99,0.3029,-1,-1,-1
131,449,400.03,186.29,340.08,330.59,0.8832,-1,-1,-1
131,437,1170.24,156.72,63.06,57.17,0.4965,-1,-1,-1
132,399,1554.29,82.65,61.97,62.14,0.7992,-1,-1,-1
132,416,1274.13,90.21,61.41,57.00,0.8069,-1,-1,-1
132,445,1181.92,5.06,73.79,65.44,0.1832,-1,-1,-1
132,446,1144.26,535.32,166.38,264.67,0.2080,-1,-1,-1
132,449,356.70,121.70,345.07,335.00,0.8478,-1,-1,-1
132,437,1170.44,165.60,62.87,57.67,0.3516,-1,-1,-1
133,399,1557.54,88.03,60.33,60.44,0.8587,-1,-1,-1
133,416,1273.13,95.19,62.84,58.39,0.8024,-1,-1,-1
133,445,1181.33,3.99,73.54,64.16,0.3153,-1,-1,-1
133,446,1143.28,534.94,167.65,264.94,0.1791,-1,-1,-1
133,449,325.62,72.60,350.92,340.78,0.9281,-1,-1,-1
133,437,1170.95,173.15,60.11,55.37,0.3561,-1,-1,-1
134,399,1557.93,90.97,61.86,62.12,0.8567,-1,-1,-1
134,416,1273.13,99.83,62.69,58.25,0.8014,-1,-1,-1
134,445,1177.37,3.08,74.26,62.97,0.2464,-1,-1,-1
134,446,1142.92,534.93,168.86,265.38,0.2173,-1,-1,-1
134,449,298.50,28.74,354.94,344.98,0.9253,-1,-1,-1
134,437,1169.55,179.84,59.80,55.57,0.4498,-1,-1,-1
135,399,1559.47,95.73,61.52,61.83,0.8849,-1,-1,-1
135,416,1273.95,105.11,60.69,56.44,0.7103,-1,-1,-1
135,445,1171.01,1.39,77.76,63.56,0.4229,-1,-1,-1
135,446,1143.12,535.45,169.11,264.43,0.3045,-1,-1,-1
135,449,277.19,-3.07,349.29,338.55,0.9521,-1,-1,-1
135,437,1168.03,184.76,61.17,57.15,0.6453,-1,-1,-1
136,399,1560.97,99.65,60.83,61.12,0.8796,-1,-1,-1
136,416,1273.18,110.05,61.16,57.04,0.7393,-1,-1,-1
136,445,1167.34,0.56,80.25,63.26,0.5910,-1,-1,-1
136,446,1143.13,535.50,169.71,264.01,0.3364,-1,-1,-1
136,449,264.43,-14.10,327.89,313.53,0.9451,-1,-1,-1
136,437,1165.22,190.10,64.13,60.26,0.5622,-1,-1,-1
136,451,1194.22,63.21,66.63,56.74,0.6253,-1,-1,-1
137,399,1562.87,105.25,59.90,60.24,0.8506,-1,-1,-1
137,416,1271.82,113.48,63.14,59.08,0.7830,-1,-1,-1
137,445,1165.92,0.44,81.73,62.58,0.3618,-1,-1,-1
137,446,1142.79,535.98,170.42,263.89,0.5175,-1,-1,-1
137,449,253.18,-16.33,301.66,281.37,0.9183,-1,-1,-1
137,437,1162.87,196.62,66.69,63.46,0.5892,-1,-1,-1
137,451,1194.90,66.43,66.21,56.43,0.6886,-1,-1,-1
137,442,550.30,143.98,69.13,62.41,0.8409,-1,-1,-1
138,399,1563.58,108.96,61.12,61.69,0.8457,-1,-1,-1
138,416,1270.74,117.72,63.66,59.68,0.7269,-1,-1,-1
138,445,1164.68,-0.03,83.45,62.42,0.4170,-1,-1,-1
138,446,1142.72,536.07,171.17,263.73,0.4983,-1,-1,-1
138,449,243.29,-13.45,272.86,244.69,0.9290,-1,-1,-1
138,437,1161.78,203.45,67.70,65.17,0.6164,-1,-1,-1
138,451,1195.56,69.73,65.38,55.79,0.5845,-1,-1,-1
138,452,1494.10,0.00,88.65,45.85,0.7790,-1,-1,-1
138,442,549.19,143.81,69.10,62.70,0.8566,-1,-1,-1
139,399,1564.07,114.01,61.01,61.68,0.8302,-1,-1,-1
139,416,1271.56,121.63,62.89,59.15,0.6632,-1,-1,-1
139,445,1163.35,-0.04,83.50,60.81,0.4024,-1,-1,-1
139,446,1142.78,536.11,171.43,262.93,0.5656,-1,-1,-1
139,449,233.67,-10.41,246.95,209.79,0.9466,-1,-1,-1
139,437,1160.07,207.60,69.39,67.71,0.6507,-1,-1,-1
139,451,1196.07,74.62,63.93,54.63,0.7685,-1,-1,-1
139,452,1491.65,0.00,97.27,50.46,0.8540,-1,-1,-1
139,442,548.10,143.76,68.67,62.72,0.8440,-1,-1,-1
140,399,1564.99,119.40,61.31,62.16,0.7617,-1,-1,-1
140,416,1271.72,126.21,62.66,59.36,0.6522,-1,-1,-1
140,445,1164.26,0.11,84.02,60.15,0.2029,-1,-1,-1
140,446,1143.19,536.49,171.89,262.40,0.6221,-1,-1,-1
140,449,223.89,-6.81,219.74,173.91,0.9262,-1,-1,-1
140,437,1160.82,214.59,66.06,64.60,0.3462,-1,-1,-1
140,451,1196.92,79.62,62.08,53.09,0.6647,-1,-1,-1
140,452,1488.35,0.00,110.55,57.76,0.8380,-1,-1,-1
140,442,547.94,144.77,67.06,61.44,0.8272,-1,-1,-1
140,453,1216.63,0.30,125.05,47.58,0.5203,-1,-1,-1
141,399,1565.76,124.30,61.36,62.26,0.7601,-1,-1,-1
141,416,1274.03,132.47,60.14,56.90,0.7427,-1,-1,-1
141,445,1161.80,0.33,83.86,59.45,0.1142,-1,-1,-1
141,446,1142.89,536.36,172.86,262.89,0.6336,-1,-1,-1
141,449,211.06,-4.56,194.67,141.22,0.8533,-1,-1,-1
141,437,1162.75,222.70,61.67,60.36,0.2782,-1,-1,-1
141,451,1196.43,84.28,60.98,52.21,0.6860,-1,-1,-1
141,452,1485.51,0.00,123.32,65.13,0.8281,-1,-1,-1
141,442,548.25,146.42,64.89,59.53,0.8473,-1,-1,-1
141,453,1195.31,1.38,148.66,56.73,0.5830,-1,-1,-1
142,399,1566.79,130.74,61.19,62.07,0.8487,-1,-1,-1
142,416,1273.23,137.69,60.83,57.59,0.7716,-1,-1,-1
142,446,1142.42,536.46,173.44,262.80,0.7324,-1,-1,-1
142,449,201.43,-1.11,159.76,103.24,0.8993,-1,-1,-1
142,437,1164.24,230.55,60.19,58.74,0.3523,-1,-1,-1
142,451,1194.55,87.03,61.95,53.15,0.7087,-1,-1,-1
142,452,1483.34,0.45,133.49,71.73,0.8381,-1,-1,-1
142,442,547.27,146.65,64.64,59.34,0.8467,-1,-1,-1
142,453,1177.04,1.36,171.93,65.97,0.7227,-1,-1,-1
143,399,1567.70,135.71,61.79,62.53,0.8376,-1,-1,-1
143,416,1272.30,141.62,62.94,59.96,0.4525,-1,-1,-1
143,446,1142.11,536.62,173.90,262.86,0.7465,-1,-1,-1
143,449,192.55,-0.06,125.16,70.25,0.7023,-1,-1,-1
143,451,1192.99,89.92,62.66,53.86,0.7329,-1,-1,-1
143,452,1484.31,3.55,136.45,74.94,0.7948,-1,-1,-1
143,442,546.56,147.62,63.95,58.76,0.8440,-1,-1,-1
143,453,1161.20,1.03,204.26,79.47,0.7295,-1,-1,-1
144,399,1569.57,140.68,61.96,62.60,0.8636,-1,-1,-1
144,446,1141.05,535.60,175.24,264.62,0.7487,-1,-1,-1
144,451,1191.70,93.03,62.76,54.03,0.7233,-1,-1,-1
144,452,1486.41,9.72,137.70,77.45,0.8354,-1,-1,-1
144,442,546.11,148.77,62.95,57.92,0.7524,-1,-1,-1
144,453,1148.26,0.46,235.99,93.82,0.7225,-1,-1,-1
145,399,1570.06,145.46,62.51,63.17,0.8213,-1,-1,-1
145,446,1140.62,534.85,175.62,265.00,0.8076,-1,-1,-1
145,451,1189.85,96.05,63.87,55.10,0.6254,-1,-1,-1
145,452,1489.96,14.35,136.13,78.68,0.8106,-1,-1,-1
145,442,544.63,149.12,63.06,57.96,0.7531,-1,-1,-1
145,453,1141.12,0.99,259.92,106.39,0.6430,-1,-1,-1
146,399,1571.75,152.58,60.96,61.70,0.8225,-1,-1,-1
146,446,1140.03,535.28,175.61,265.02,0.8373,-1,-1,-1
146,451,1189.64,100.25,63.02,54.23,0.5373,-1,-1,-1
146,452,1493.38,21.54,133.75,79.48,0.8016,-1,-1,-1
146,442,541.96,149.60,63.91,58.64,0.7711,-1,-1,-1
146,453,1135.01,6.20,276.98,117.34,0.6451,-1,-1,-1
147,399,1572.40,158.06,62.16,63.22,0.8218,-1,-1,-1
147,446,1140.02,534.89,175.71,265.26,0.7452,-1,-1,-1
147,451,1190.17,104.87,62.56,54.12,0.5626,-1,-1,-1
147,452,1496.97,29.80,131.03,80.04,0.8480,-1,-1,-1
147,442,539.55,150.89,63.96,58.48,0.7577,-1,-1,-1
147,453,1132.91,17.10,281.68,123.77,0.6755,-1,-1,-1
148,399,1574.86,165.33,60.65,61.75,0.8125,-1,-1,-1
148,446,1139.21,533.73,176.45,266.44,0.7481,-1,-1,-1
148,451,1188.81,110.20,60.74,52.98,0.1721,-1,-1,-1
148,452,1499.61,35.65,130.09,81.66,0.8576,-1,-1,-1
148,442,538.23,151.66,63.70,58.07,0.7749,-1,-1,-1
148,453,1131.17,30.82,279.94,127.60,0.7900,-1,-1,-1
148,416,1271.47,164.55,66.19,63.32,0.6118,-1,-1,-1
149,399,1577.34,172.72,59.35,60.43,0.8166,-1,-1,-1
149,446,1139.29,532.80,176.64,266.77,0.7647,-1,-1,-1
149,452,1504.40,45.21,125.41,80.65,0.8663,-1,-1,-1
149,442,535.99,151.79,65.15,59.09,0.8207,-1,-1,-1
149,453,1131.78,45.23,271.19,128.00,0.8188,-1,-1,-1
149,416,1273.37,173.38,63.31,59.96,0.7008,-1,-1,-1
150,399,1578.84,179.23,59.50,60.46,0.8356,-1,-1,-1
150,446,1139.06,532.14,176.44,266.50,0.7204,-1,-1,-1
150,452,1509.59,53.78,122.94,81.00,0.8428,-1,-1,-1
150,442,534.44,152.65,65.01,58.61,0.8213,-1,-1,-1
150,453,1134.12,61.03,262.98,128.55,0.8472,-1,-1,-1
150,416,1273.54,180.28,63.34,59.27,0.6069,-1,-1,-1
150,445,1155.12,1.67,93.47,62.42,0.5957,-1,-1,-1
151,399,1580.13,185.51,59.68,60.33,0.8516,-1,-1,-1
151,446,1138.90,532.15,175.85,265.49,0.7452,-1,-1,-1
151,452,1511.26,60.87,123.31,83.28,0.8236,-1,-1,-1
151,442,531.71,153.76,66.50,60.00,0.8367,-1,-1,-1
151,453,1137.80,77.94,256.10,129.86,0.9038,-1,-1,-1
151,416,1274.57,188.45,61.68,57.50,0.1017,-1,-1,-1
151,445,1153.85,3.48,97.38,62.09,0.3730,-1,-1,-1
152,399,1581.46,191.78,60.14,60.78,0.8196,-1,-1,-1
152,446,1139.20,532.45,174.27,262.84,0.7628,-1,-1,-1
152,452,1515.85,71.01,118.36,81.53,0.8382,-1,-1,-1
152,442,528.94,154.45,67.93,61.48,0.8620,-1,-1,-1
152,453,1136.56,95.56,259.16,136.68,0.8523,-1,-1,-1
152,445,1153.01,4.71,101.64,62.65,0.3048,-1,-1,-1
153,399,1584.09,199.19,58.34,58.88,0.7773,-1,-1,-1
153,446,1138.48,531.59,174.72,262.97,0.6932,-1,-1,-1
153,452,1520.90,79.45,114.79,80.65,0.8488,-1,-1,-1
153,442,526.52,154.94,69.19,62.80,0.8744,-1,-1,-1
153,453,1139.97,113.99,250.17,137.03,0.8826,-1,-1,-1
153,445,1153.22,6.07,105.48,63.61,0.1803,-1,-1,-1
154,399,1586.45,206.16,58.02,58.65,0.7363,-1,-1,-1
154,446,1138.20,530.58,175.58,263.86,0.4624,-1,-1,-1
154,452,1524.38,87.60,114.37,82.12,0.8257,-1,-1,-1
154,442,524.73,157.33,68.54,62.08,0.8879,-1,-1,-1
154,453,1148.79,133.86,238.01,135.45,0.8727,-1,-1,-1
154,445,1151.45,5.55,111.84,66.44,0.1244,-1,-1,-1
155,399,1588.29,213.75,58.65,59.24,0.7382,-1,-1,-1
155,446,1138.17,530.30,176.00,264.13,0.4843,-1,-1,-1
155,452,1528.54,97.88,113.24,83.07,0.8261,-1,-1,-1
155,442,522.64,158.23,70.43,63.86,0.8929,-1,-1,-1
155,453,1153.13,154.98,227.43,134.16,0.8114,-1,-1,-1
155,445,1170.65,6.70,104.22,64.09,0.4850,-1,-1,-1
156,399,1589.45,220.34,59.55,60.04,0.7788,-1,-1,-1
156,446,1137.45,530.37,176.94,264.96,0.4824,-1,-1,-1
156,452,1531.98,106.45,111.90,83.64,0.8266,-1,-1,-1
156,442,521.61,160.93,69.88,63.30,0.8856,-1,-1,-1
156,453,1155.81,176.70,221.41,135.18,0.8188,-1,-1,-1
156,445,1179.64,7.49,100.95,64.11,0.5785,-1,-1,-1
156,451,1180.39,144.11,67.08,58.55,0.7276,-1,-1,-1
157,399,1591.96,232.64,59.56,59.66,0.7969,-1,-1,-1
157,446,1136.25,529.35,178.60,267.01,0.4031,-1,-1,-1
157,452,1538.10,123.37,110.47,84.16,0.8569,-1,-1,-1
157,442,520.22,163.92,68.20,61.87,0.8836,-1,-1,-1
157,453,1159.21,214.41,213.08,134.26,0.8331,-1,-1,-1
157,445,1183.35,8.87,98.95,64.67,0.7319,-1,-1,-1
157,451,1179.66,152.06,66.87,58.07,0.7165,-1,-1,-1
158,399,1594.72,241.31,60.25,59.95,0.7895,-1,-1,-1
158,446,1134.47,528.43,180.11,268.72,0.2981,-1,-1,-1
158,452,1543.03,137.69,108.25,84.09,0.8634,-1,-1,-1
158,442,518.47,166.78,67.70,61.88,0.8562,-1,-1,-1
158,453,1157.33,241.61,212.66,138.37,0.8555,-1,-1,-1
158,445,1186.29,11.00,95.78,63.97,0.7421,-1,-1,-1
158,451,1179.68,158.63,65.99,57.60,0.7853,-1,-1,-1
159,399,1596.45,250.35,60.89,60.12,0.7792,-1,-1,-1
159,446,1132.89,527.77,180.59,269.09,0.5262,-1,-1,-1
159,452,1545.52,149.59,107.74,85.08,0.8513,-1,-1,-1
159,442,515.56,168.12,67.62,62.21,0.8642,-1,-1,-1
159,453,1158.05,269.54,204.49,137.29,0.8751,-1,-1,-1
159,445,1187.62,12.20,94.59,64.50,0.7470,-1,-1,-1
159,451,1180.69,164.68,64.31,56.48,0.7641,-1,-1,-1
160,399,1597.59,258.60,61.20,60.20,0.7612,-1,-1,-1
160,446,1131.58,526.65,182.00,270.71,0.5449,-1,-1,-1
160,452,1550.72,161.01,106.20,85.41,0.8305,-1,-1,-1
160,442,515.12,170.62,66.12,60.96,0.8705,-1,-1,-1
160,453,1158.24,296.25,200.30,138.63,0.8368,-1,-1,-1
160,445,1189.15,13.30,92.73,64.39,0.8073,-1,-1,-1
160,451,1181.17,169.52,64.56,56.92,0.7954,-1,-1,-1
160,454,878.77,0.42,84.89,39.30,0.7479,-1,-1,-1
160,455,1149.19,386.77,59.60,57.44,0.5803,-1,-1,-1
161,399,1598.82,266.93,61.21,59.83,0.7652,-1,-1,-1
161,446,1131.42,529.42,181.18,268.27,0.3951,-1,-1,-1
161,452,1555.14,173.97,103.33,84.31,0.8761,-1,-1,-1
161,442,512.97,172.65,66.30,61.17,0.8750,-1,-1,-1
161,453,1157.55,324.37,196.60,140.24,0.8438,-1,-1,-1
161,445,1189.77,14.03,92.67,65.56,0.7919,-1,-1,-1
161,451,1180.37,175.48,65.30,57.54,0.8186,-1,-1,-1
161,454,871.55,0.11,96.21,44.72,0.7983,-1,-1,-1
161,455,1146.66,395.27,60.59,58.49,0.4705,-1,-1,-1
162,399,1599.83,273.77,63.04,61.79,0.7975,-1,-1,-1
162,446,1130.77,530.67,181.15,266.63,0.5449,-1,-1,-1
162,452,1557.52,184.28,103.88,86.06,0.8584,-1,-1,-1
162,442,511.54,175.17,66.95,61.93,0.8720,-1,-1,-1
162,453,1156.36,351.91,194.63,142.53,0.8579,-1,-1,-1
162,445,1190.91,15.98,91.51,65.88,0.7959,-1,-1,-1
162,451,1179.68,180.58,66.62,58.76,0.8244,-1,-1,-1
162,454,861.92,-0.01,110.26,51.72,0.8203,-1,-1,-1
162,416,1274.09,274.77,64.69,59.96,0.7543,-1,-1,-1
163,399,1602.08,281.44,62.98,61.52,0.7740,-1,-1,-1
163,446,1131.87,535.98,179.07,261.45,0.5814,-1,-1,-1
163,452,1561.23,196.72,102.24,85.89,0.8323,-1,-1,-1
163,442,510.59,177.31,67.48,62.71,0.8645,-1,-1,-1
163,453,1152.39,378.77,195.53,146.88,0.7596,-1,-1,-1
163,445,1191.22,16.60,92.27,67.53,0.7766,-1,-1,-1
163,451,1177.68,185.93,68.01,59.96,0.8338,-1,-1,-1
163,454,851.91,-0.04,124.16,59.02,0.8446,-1,-1,-1
163,416,1271.84,281.60,66.25,61.40,0.7384,-1,-1,-1
164,399,1603.44,290.36,62.56,61.14,0.6232,-1,-1,-1
164,446,1131.19,540.38,178.24,257.42,0.3935,-1,-1,-1
164,452,1564.20,208.56,101.36,86.47,0.7987,-1,-1,-1
164,442,509.22,180.23,66.57,62.11,0.8710,-1,-1,-1
164,453,1147.04,407.99,197.89,152.28,0.7444,-1,-1,-1
164,445,1193.75,18.92,89.80,66.99,0.7751,-1,-1,-1
164,451,1177.67,192.54,67.04,59.75,0.8618,-1,-1,-1
164,454,845.80,-0.05,131.93,63.83,0.8620,-1,-1,-1
164,416,1271.61,291.79,66.00,61.46,0.8174,-1,-1,-1
165,399,1604.98,300.10,62.37,60.38,0.7915,-1,-1,-1
165,446,1133.57,551.87,173.15,246.61,0.3316,-1,-1,-1
165,452,1568.35,221.22,100.56,86.63,0.8252,-1,-1,-1
165,442,508.41,182.65,66.20,61.84,0.8829,-1,-1,-1
165,453,1145.80,437.77,195.54,153.99,0.7023,-1,-1,-1
165,445,1195.93,22.71,85.78,64.95,0.7068,-1,-1,-1
165,451,1179.50,200.04,63.82,57.21,0.7634,-1,-1,-1
165,454,839.14,-0.05,140.18,69.29,0.8551,-1,-1,-1
165,416,1270.75,300.12,66.51,62.01,0.7715,-1,-1,-1
166,399,1607.81,309.73,61.49,58.92,0.7114,-1,-1,-1
166,446,1146.79,595.05,149.48,203.59,0.1496,-1,-1,-1
166,452,1571.41,232.61,101.11,87.89,0.8063,-1,-1,-1
166,442,508.40,186.63,63.12,59.04,0.9059,-1,-1,-1
166,453,1145.01,469.35,193.74,155.67,0.2355,-1,-1,-1
166,445,1196.74,25.37,83.70,64.24,0.6393,-1,-1,-1
166,451,1178.54,204.84,64.40,58.22,0.8414,-1,-1,-1
166,454,831.82,0.79,146.85,74.53,0.8365,-1,-1,-1
166,416,1270.15,310.20,65.33,60.56,0.7516,-1,-1,-1
166,456,1138.46,0.66,114.95,37.21,0.7685,-1,-1,-1
167,399,1608.87,318.94,63.14,60.21,0.7620,-1,-1,-1
167,452,1574.64,246.63,99.65,87.16,0.8022,-1,-1,-1
167,442,505.57,189.82,63.57,59.83,0.8911,-1,-1,-1
167,453,1142.26,501.56,193.76,158.64,0.1867,-1,-1,-1
167,445,1163.52,9.51,108.08,81.91,0.7209,-1,-1,-1
167,451,1176.66,211.29,65.41,59.24,0.8416,-1,-1,-1
167,454,825.45,4.35,149.94,78.47,0.8313,-1,-1,-1
167,416,1270.84,320.72,63.24,57.77,0.7316,-1,-1,-1
168,399,1611.05,329.91,61.66,58.22,0.7105,-1,-1,-1
168,452,1576.15,259.15,100.33,88.54,0.8218,-1,-1,-1
168,442,503.68,192.25,64.45,60.83,0.8911,-1,-1,-1
168,453,1140.02,536.21,188.67,157.04,0.3654,-1,-1,-1
168,445,1149.81,3.57,111.92,83.48,0.7527,-1,-1,-1
168,451,1176.06,218.81,64.90,58.89,0.7853,-1,-1,-1
168,454,821.50,9.50,150.51,81.21,0.8385,-1,-1,-1
168,416,1267.59,329.05,66.15,60.12,0.8496,-1,-1,-1
169,399,1612.98,341.51,59.61,55.39,0.6947,-1,-1,-1
169,452,1579.40,272.86,99.14,87.98,0.8221,-1,-1,-1
169,442,502.70,196.31,62.74,59.27,0.8455,-1,-1,-1
169,453,1135.80,569.64,189.77,160.87,0.2725,-1,-1,-1
169,445,1141.64,1.22,123.79,91.57,0.8456,-1,-1,-1
169,451,1177.05,226.70,61.81,56.01,0.7016,-1,-1,-1
169,454,820.76,14.79,147.47,82.10,0.8415,-1,-1,-1
169,416,1266.47,337.16,67.17,60.71,0.7441,-1,-1,-1
169,457,1135.45,76.30,57.29,53.81,0.6414,-1,-1,-1
170,399,1618.56,358.68,52.50,47.35,0.5078,-1,-1,-1
170,452,1582.78,287.42,98.72,88.19,0.7757,-1,-1,-1
170,442,501.39,199.64,61.60,58.04,0.8344,-1,-1,-1
170,445,1135.57,0.05,134.13,98.85,0.8886,-1,-1,-1
170,451,1175.76,232.26,62.76,56.84,0.6519,-1,-1,-1
170,454,821.71,21.48,143.87,82.54,0.8510,-1,-1,-1
170,416,1266.27,346.28,67.98,61.36,0.7892,-1,-1,-1
170,457,1137.09,81.12,55.98,52.59,0.7329,-1,-1,-1
170,446,1164.27,611.92,126.64,166.29,0.5708,-1,-1,-1
171,452,1584.32,300.40,101.26,91.50,0.7530,-1,-1,-1
171,442,500.25,203.80,60.49,56.85,0.7438,-1,-1,-1
171,445,1128.55,0.60,147.16,109.22,0.8707,-1,-1,-1
171,451,1174.10,238.43,64.03,58.07,0.6384,-1,-1,-1
171,454,822.55,29.38,138.64,81.86,0.8474,-1,-1,-1
171,416,1266.27,356.86,67.58,60.97,0.8126,-1,-1,-1
171,457,1139.66,91.24,49.63,46.49,0.3877,-1,-1,-1
171,446,1160.12,636.73,128.81,160.90,0.3671,-1,-1,-1
172,452,1584.61,316.02,107.42,98.62,0.7884,-1,-1,-1
172,442,498.13,206.91,61.44,57.86,0.8323,-1,-1,-1
172,445,1123.34,9.03,156.63,117.44,0.8395,-1,-1,-1
172,451,1173.17,245.75,62.56,56.69,0.3486,-1,-1,-1
172,454,821.15,35.47,136.63,83.00,0.8446,-1,-1,-1
172,416,1266.20,366.64,67.81,61.03,0.8355,-1,-1,-1
173,452,1586.52,330.67,110.36,103.06,0.7230,-1,-1,-1
173,442,494.61,210.66,63.73,60.12,0.8531,-1,-1,-1
173,445,1119.92,21.43,161.83,122.55,0.7827,-1,-1,-1
173,451,1171.38,252.15,63.86,57.87,0.4739,-1,-1,-1
173,454,819.35,41.80,134.47,83.95,0.8216,-1,-1,-1
173,416,1264.78,374.76,70.91,63.86,0.8751,-1,-1,-1
174,452,1590.56,345.87,108.50,102.58,0.6494,-1,-1,-1
174,442,491.61,214.19,64.77,61.45,0.8508,-1,-1,-1
174,445,1119.90,37.64,160.66,122.67,0.7800,-1,-1,-1
174,451,1172.46,260.53,61.76,56.26,0.1553,-1,-1,-1
174,454,818.54,49.29,130.55,83.83,0.8187,-1,-1,-1
174,416,1266.02,385.97,69.08,62.19,0.8214,-1,-1,-1
175,452,1595.46,363.32,103.00,97.99,0.8540,-1,-1,-1
175,442,490.10,218.11,64.48,61.38,0.8562,-1,-1,-1
175,445,1111.89,52.67,161.84,126.05,0.7640,-1,-1,-1
175,454,818.05,57.27,126.78,83.71,0.8069,-1,-1,-1
175,416,1264.85,396.03,69.69,62.86,0.8324,-1,-1,-1
176,452,1600.38,380.23,98.46,93.83,0.7464,-1,-1,-1
176,442,488.10,221.41,65.06,61.63,0.8441,-1,-1,-1
176,445,1107.35,68.82,162.71,129.16,0.7828,-1,-1,-1
176,454,816.36,64.54,125.02,84.79,0.8432,-1,-1,-1
176,416,1265.88,406.77,68.40,61.38,0.7530,-1,-1,-1
176,461,1126.08,562.82,68.24,61.00,0.6528,-1,-1,-1
176,451,1171.30,273.26,64.95,59.26,0.6530,-1,-1,-1
177,452,1603.17,396.01,97.85,93.66,0.7711,-1,-1,-1
177,442,486.74,225.40,64.25,60.33,0.8638,-1,-1,-1
177,445,1107.23,88.63,159.47,128.58,0.8669,-1,-1,-1
177,454,816.27,74.09,119.49,83.15,0.8357,-1,-1,-1
177,416,1265.52,417.68,69.01,61.86,0.8429,-1,-1,-1
177,461,1123.38,570.82,73.79,65.95,0.6933,-1,-1,-1
177,451,1171.20,282.31,63.02,57.63,0.2077,-1,-1,-1
178,452,1606.24,413.47,97.07,93.53,0.7771,-1,-1,-1
178,442,483.42,228.64,65.61,61.17,0.8861,-1,-1,-1
178,445,1106.68,108.87,156.22,127.99,0.8307,-1,-1,-1
178,454,814.07,81.43,119.15,84.96,0.8356,-1,-1,-1
178,416,1264.07,427.27,69.87,62.91,0.5325,-1,-1,-1
178,462,1206.32,60.61,75.89,66.95,0.8027,-1,-1,-1
179,452,1610.31,430.52,95.14,92.04,0.7686,-1,-1,-1
179,442,479.44,231.40,67.24,62.49,0.8785,-1,-1,-1
179,445,1104.85,126.64,157.08,131.13,0.8596,-1,-1,-1
179,454,811.87,89.79,117.82,86.03,0.8479,-1,-1,-1
179,416,1264.58,438.76,69.16,62.34,0.4599,-1,-1,-1
179,462,1207.06,64.75,75.42,66.56,0.8015,-1,-1,-1
179,451,1172.50,300.58,59.10,54.29,0.6098,-1,-1,-1
180,452,1613.75,448.23,94.38,91.78,0.5668,-1,-1,-1
180,442,476.46,234.81,68.36,63.64,0.8709,-1,-1,-1
180,445,1102.87,147.72,157.77,133.93,0.8104,-1,-1,-1
180,454,810.08,99.97,113.51,84.46,0.8208,-1,-1,-1
180,416,1263.93,447.87,71.38,65.11,0.6335,-1,-1,-1
180,462,1208.15,69.69,74.86,66.11,0.7683,-1,-1,-1
180,464,952.12,497.52,54.30,51.34,0.6689,-1,-1,-1
180,451,1171.18,308.83,60.91,56.30,0.2650,-1,-1,-1
181,452,1614.09,463.19,96.31,94.37,0.4513,-1,-1,-1
181,442,475.62,239.03,67.27,62.74,0.8790,-1,-1,-1
181,445,1103.79,172.23,153.29,131.66,0.8673,-1,-1,-1
181,454,806.87,107.30,114.26,86.53,0.7960,-1,-1,-1
181,416,1264.12,460.37,70.09,64.21,0.2060,-1,-1,-1
181,462,1207.90,72.84,76.12,67.18,0.7741,-1,-1,-1
181,464,951.35,505.61,51.65,48.92,0.4183,-1,-1,-1
181,451,1170.46,316.30,62.05,57.26,0.6143,-1,-1,-1
181,457,1127.63,134.03,63.51,58.62,0.5100,-1,-1,-1
182,452,1612.59,484.99,106.10,105.71,0.1235,-1,-1,-1
182,442,473.47,246.77,66.64,62.41,0.8201,-1,-1,-1
182,445,1101.14,212.73,151.87,131.62,0.8407,-1,-1,-1
182,454,802.13,123.03,113.51,87.50,0.8230,-1,-1,-1
182,462,1208.41,80.53,75.81,66.63,0.7710,-1,-1,-1
182,464,949.98,520.56,49.39,46.98,0.5006,-1,-1,-1
182,457,1127.88,144.47,64.15,59.00,0.5608,-1,-1,-1
183,452,1618.03,509.98,103.47,103.71,0.4957,-1,-1,-1
183,442,472.61,254.67,64.11,60.08,0.8838,-1,-1,-1
183,445,1097.03,242.47,156.41,137.34,0.7976,-1,-1,-1
183,454,799.16,134.92,112.81,88.09,0.8335,-1,-1,-1
183,462,1209.40,85.90,77.25,67.67,0.7713,-1,-1,-1
183,464,946.25,530.38,51.46,49.21,0.3162,-1,-1,-1
183,457,1127.93,152.98,65.89,60.45,0.7201,-1,-1,-1
183,466,1094.45,483.18,159.87,145.34,0.6062,-1,-1,-1
184,452,1623.88,536.86,97.97,97.88,0.5857,-1,-1,-1
184,442,470.36,259.57,64.45,60.29,0.8820,-1,-1,-1
184,445,1097.04,269.86,155.80,138.28,0.8697,-1,-1,-1
184,454,796.50,146.68,110.86,87.62,0.8060,-1,-1,-1
184,462,1210.77,90.62,78.05,68.30,0.8451,-1,-1,-1
184,464,942.68,540.26,51.85,49.81,0.1743,-1,-1,-1
184,457,1127.75,160.28,66.30,59.98,0.7707,-1,-1,-1
184,466,1092.48,461.56,158.82,144.51,0.6641,-1,-1,-1
185,452,1625.65,559.27,97.33,97.32,0.2728,-1,-1,-1
185,442,468.53,265.11,64.98,60.85,0.8608,-1,-1,-1
185,445,1095.13,295.29,157.59,140.75,0.7997,-1,-1,-1
185,454,793.29,157.18,111.20,88.85,0.8352,-1,-1,-1
185,462,1212.02,95.97,77.39,67.84,0.7959,-1,-1,-1
185,457,1129.07,167.14,66.07,59.16,0.3316,-1,-1,-1
186,452,1628.25,580.51,95.62,95.56,0.5246,-1,-1,-1
186,442,467.47,270.54,64.51,60.12,0.8603,-1,-1,-1
186,445,1055.38,317.78,224.35,208.73,0.6443,-1,-1,-1
186,454,790.02,167.99,110.48,89.30,0.8387,-1,-1,-1
186,462,1213.52,101.65,76.35,67.02,0.8082,-1,-1,-1
186,457,1128.69,174.53,67.73,60.05,0.6436,-1,-1,-1
187,452,1626.39,601.21,97.31,97.07,0.4867,-1,-1,-1
187,442,464.27,275.38,65.47,60.87,0.8634,-1,-1,-1
187,445,1036.19,325.20,252.97,245.38,0.4327,-1,-1,-1
187,454,786.60,179.19,109.40,89.30,0.8676,-1,-1,-1
187,462,1213.24,106.42,76.60,67.11,0.8372,-1,-1,-1
187,457,1128.35,181.38,68.08,60.66,0.7409,-1,-1,-1
188,452,1626.82,619.53,98.51,98.25,0.3022,-1,-1,-1
188,442,461.59,279.19,68.42,63.43,0.8647,-1,-1,-1
188,454,782.23,190.61,109.58,90.19,0.8481,-1,-1,-1
188,462,1213.88,111.23,76.64,67.07,0.8498,-1,-1,-1
188,457,1129.00,188.74,67.20,60.11,0.8131,-1,-1,-1
188,468,1111.00,735.74,66.60,60.08,0.6603,-1,-1,-1
188,466,1067.26,449.42,166.20,151.88,0.7657,-1,-1,-1
189,452,1628.35,640.50,97.59,97.78,0.2719,-1,-1,-1
189,442,458.84,284.40,68.65,63.93,0.8618,-1,-1,-1
189,454,779.87,201.11,109.29,90.98,0.8404,-1,-1,-1
189,462,1215.93,117.30,76.15,66.79,0.8368,-1,-1,-1
189,457,1130.05,194.83,65.42,59.10,0.4905,-1,-1,-1
189,468,1109.79,749.19,66.10,59.68,0.7053,-1,-1,-1
189,469,1098.28,298.33,144.54,139.78,0.7159,-1,-1,-1
189,466,1060.87,466.09,165.86,152.35,0.6240,-1,-1,-1
190,452,1625.59,660.03,103.70,105.06,0.3038,-1,-1,-1
190,442,454.88,288.14,68.92,64.45,0.8894,-1,-1,-1
190,454,779.08,213.68,106.40,89.30,0.8518,-1,-1,-1
190,462,1217.49,122.29,75.82,66.56,0.8273,-1,-1,-1
190,468,1107.10,753.55,65.55,59.22,0.7362,-1,-1,-1
190,469,1102.42,289.40,137.92,133.30,0.7999,-1,-1,-1
190,466,1051.34,488.38,168.33,155.20,0.7809,-1,-1,-1
191,452,1631.52,681.64,99.13,100.00,0.3964,-1,-1,-1
191,442,451.76,293.72,68.30,63.96,0.8380,-1,-1,-1
191,454,774.69,225.39,107.08,90.40,0.8348,-1,-1,-1
191,462,1217.22,127.24,77.12,67.62,0.8246,-1,-1,-1
191,468,1105.02,746.57,65.99,59.45,0.8293,-1,-1,-1
191,469,1103.52,280.39,131.66,127.12,0.8712,-1,-1,-1
191,466,1040.23,512.13,171.62,158.95,0.7419,-1,-1,-1
192,452,1631.96,702.28,98.61,99.70,0.3941,-1,-1,-1
192,442,449.50,298.12,68.98,64.98,0.8375,-1,-1,-1
192,454,772.74,237.53,107.16,91.35,0.8326,-1,-1,-1
192,462,1217.49,132.33,78.35,68.73,0.8539,-1,-1,-1
192,468,1103.10,736.12,65.68,59.23,0.8391,-1,-1,-1
192,469,1101.85,270.56,130.38,125.78,0.8118,-1,-1,-1
192,466,1029.50,537.79,180.08,168.12,0.6736,-1,-1,-1
193,452,1631.95,724.65,100.11,101.08,0.4083,-1,-1,-1
193,442,448.75,305.95,66.05,62.82,0.6067,-1,-1,-1
193,454,770.28,248.93,108.06,92.94,0.8832,-1,-1,-1
193,462,1218.33,139.36,76.54,67.24,0.8749,-1,-1,-1
193,469,1101.71,261.26,130.68,126.00,0.8387,-1,-1,-1
193,470,1353.29,0.91,128.22,59.45,0.8114,-1,-1,-1
194,452,1634.98,746.97,94.21,94.00,0.5852,-1,-1,-1
194,442,446.45,311.60,65.46,62.22,0.7561,-1,-1,-1
194,454,767.28,263.09,106.76,92.41,0.8871,-1,-1,-1
194,462,1220.15,146.31,75.74,66.75,0.8632,-1,-1,-1
194,469,1101.30,252.17,130.76,126.13,0.7140,-1,-1,-1
194,470,1340.82,0.72,162.13,75.73,0.8692,-1,-1,-1
195,452,1632.73,748.51,96.14,95.78,0.4623,-1,-1,-1
195,442,444.17,318.84,63.90,60.95,0.7246,-1,-1,-1
195,454,763.96,277.02,104.73,91.63,0.8872,-1,-1,-1
195,462,1221.51,153.37,74.81,65.59,0.8878,-1,-1,-1
195,469,1101.45,244.77,129.44,124.74,0.8237,-1,-1,-1
195,470,1329.33,0.23,195.84,92.73,0.8516,-1,-1,-1
196,442,440.70,326.82,64.91,62.21,0.6758,-1,-1,-1
196,454,759.39,291.57,105.45,93.27,0.8081,-1,-1,-1
196,462,1221.19,157.72,78.00,68.18,0.8802,-1,-1,-1
196,469,1100.26,233.77,131.46,126.83,0.8082,-1,-1,-1
196,470,1324.50,6.95,217.71,104.95,0.8588,-1,-1,-1
197,442,437.20,334.53,64.10,61.70,0.6420,-1,-1,-1
197,454,754.65,306.22,104.94,93.26,0.8483,-1,-1,-1
197,462,1220.66,164.68,79.29,69.33,0.8056,-1,-1,-1
197,469,1100.92,226.42,131.08,126.57,0.8337,-1,-1,-1
197,470,1328.62,21.52,221.15,108.97,0.8810,-1,-1,-1
197,476,1255.11,676.33,65.38,65.63,0.7313,-1,-1,-1