0,467,779.06,535.83,321.15,528.71,0.7713,-1,-1,-1
0,468,405.15,269.36,39.04,40.84,0.4541,-1,-1,-1
1,467,786.92,549.17,312.32,514.05,0.7092,-1,-1,-1
1,468,401.56,262.92,39.20,41.02,0.1984,-1,-1,-1
2,467,790.56,551.39,310.81,511.32,0.8120,-1,-1,-1
2,468,399.07,255.81,40.34,42.25,0.2223,-1,-1,-1
2,469,1649.99,461.17,39.85,42.54,0.4756,-1,-1,-1
3,467,786.40,545.24,315.86,519.34,0.7974,-1,-1,-1
3,468,398.53,249.37,39.04,40.90,0.3170,-1,-1,-1
3,469,1653.42,461.08,39.44,42.06,0.4130,-1,-1,-1
4,467,784.40,538.44,319.35,524.84,0.8225,-1,-1,-1
4,468,396.29,243.01,39.55,41.44,0.4013,-1,-1,-1
4,469,1657.22,459.62,40.59,43.26,0.3752,-1,-1,-1
5,467,786.09,540.28,317.66,521.38,0.8141,-1,-1,-1
5,468,394.13,238.55,39.01,40.76,0.1886,-1,-1,-1
5,469,1660.42,457.97,41.96,44.77,0.4365,-1,-1,-1
6,467,788.33,545.52,312.67,511.97,0.8369,-1,-1,-1
6,468,393.64,232.19,39.90,41.77,0.1377,-1,-1,-1
6,469,1662.73,455.65,43.10,46.10,0.2628,-1,-1,-1
7,467,792.37,551.04,308.41,504.13,0.8124,-1,-1,-1
7,468,393.64,226.46,38.60,40.45,0.1654,-1,-1,-1
7,469,1667.92,456.30,42.07,44.93,0.3623,-1,-1,-1
8,467,789.43,549.22,310.52,507.13,0.8388,-1,-1,-1
8,468,392.73,221.64,37.76,39.58,0.2357,-1,-1,-1
8,469,1673.15,456.22,40.84,43.44,0.2687,-1,-1,-1
9,467,787.91,544.17,313.75,511.98,0.8531,-1,-1,-1
9,468,391.55,216.65,37.76,39.66,0.1587,-1,-1,-1
9,469,1676.30,456.19,40.90,43.25,0.2328,-1,-1,-1
10,467,786.06,538.42,314.56,513.22,0.8815,-1,-1,-1
10,469,1679.02,456.40,41.33,43.59,0.2806,-1,-1,-1
11,467,786.90,536.61,314.58,513.60,0.8249,-1,-1,-1
11,469,1681.99,456.78,41.17,43.35,0.2767,-1,-1,-1
12,467,784.39,532.23,317.64,519.56,0.7460,-1,-1,-1
12,469,1684.97,457.06,41.30,43.56,0.2235,-1,-1,-1
13,467,786.78,531.48,315.46,516.17,0.7246,-1,-1,-1
13,469,1687.89,457.27,41.60,44.02,0.2166,-1,-1,-1
14,467,788.55,532.23,312.13,510.69,0.8091,-1,-1,-1
14,469,1691.62,458.29,40.72,43.18,0.2124,-1,-1,-1
15,467,791.34,534.65,309.18,505.30,0.8071,-1,-1,-1
15,469,1694.41,459.06,40.45,42.94,0.2057,-1,-1,-1
16,467,790.65,532.82,310.10,507.09,0.8198,-1,-1,-1
16,469,1697.32,459.76,40.45,42.87,0.1612,-1,-1,-1
16,471,1217.27,216.30,42.69,48.53,0.4386,-1,-1,-1
17,467,790.65,529.51,311.94,510.20,0.8216,-1,-1,-1
17,469,1702.32,461.72,39.15,41.14,0.1680,-1,-1,-1
17,471,1218.44,212.14,41.95,47.70,0.3942,-1,-1,-1
18,467,786.88,517.62,316.72,518.85,0.7937,-1,-1,-1
18,469,1706.28,463.40,38.56,40.16,0.1310,-1,-1,-1
18,471,1219.28,205.72,41.55,47.31,0.2482,-1,-1,-1
19,467,790.45,522.47,311.97,511.41,0.8096,-1,-1,-1
19,471,1220.70,198.81,40.69,46.24,0.3365,-1,-1,-1
20,467,792.46,524.49,308.68,505.48,0.7630,-1,-1,-1
20,471,1222.62,193.61,40.03,45.33,0.2913,-1,-1,-1
21,467,792.31,519.93,310.86,508.50,0.7332,-1,-1,-1
21,471,1224.27,187.63,40.82,46.01,0.3327,-1,-1,-1
22,467,792.16,516.66,312.92,511.77,0.8146,-1,-1,-1
22,471,1225.79,181.41,40.84,45.96,0.3913,-1,-1,-1
23,467,794.41,519.35,311.15,508.47,0.7388,-1,-1,-1
23,471,1227.59,175.98,39.57,44.43,0.2768,-1,-1,-1
24,467,794.86,519.43,311.34,508.55,0.7773,-1,-1,-1
24,471,1228.04,174.27,39.31,44.07,0.2667,-1,-1,-1
24,475,1147.31,268.01,42.08,64.71,0.5272,-1,-1,-1
25,467,794.08,515.39,312.51,509.58,0.6793,-1,-1,-1
25,471,1228.80,170.21,38.89,43.49,0.3100,-1,-1,-1
26,467,768.87,436.22,355.67,586.98,0.7277,-1,-1,-1
26,471,1229.26,165.12,39.60,44.23,0.3119,-1,-1,-1
27,467,774.05,446.95,347.21,575.19,0.7255,-1,-1,-1
27,471,1229.43,159.02,40.93,45.70,0.2180,-1,-1,-1
28,467,784.98,473.60,330.22,545.24,0.7891,-1,-1,-1
28,471,1230.31,153.50,39.32,43.82,0.2019,-1,-1,-1
29,467,793.32,488.66,320.42,526.67,0.8133,-1,-1,-1
29,471,1231.44,147.49,39.17,43.68,0.1737,-1,-1,-1
30,467,799.31,497.58,314.58,515.21,0.7361,-1,-1,-1
30,471,1235.86,143.45,37.89,42.04,0.1910,-1,-1,-1
30,477,1357.09,285.68,43.38,40.61,0.5457,-1,-1,-1
30,478,1689.81,1032.49,44.58,36.10,0.4932,-1,-1,-1
31,467,806.39,502.27,311.38,509.40,0.6548,-1,-1,-1
31,471,1238.62,138.57,36.57,40.43,0.1319,-1,-1,-1
31,477,1358.61,282.68,43.70,40.90,0.4766,-1,-1,-1
31,478,1692.47,1032.20,44.60,36.09,0.4663,-1,-1,-1
32,467,813.76,507.45,307.21,502.88,0.6598,-1,-1,-1
32,471,1239.40,132.96,36.98,40.77,0.2313,-1,-1,-1
32,477,1360.50,280.12,43.80,41.03,0.4805,-1,-1,-1
32,478,1696.39,1029.65,48.66,39.53,0.2825,-1,-1,-1
33,467,817.01,509.47,305.30,498.44,0.5187,-1,-1,-1
33,471,1240.58,127.32,37.39,41.04,0.2084,-1,-1,-1
33,477,1361.98,277.25,42.96,40.32,0.4883,-1,-1,-1
33,478,1700.90,1028.70,50.14,40.92,0.4413,-1,-1,-1
34,467,817.60,508.31,305.50,497.79,0.4630,-1,-1,-1
34,471,1241.85,121.55,37.59,41.12,0.2121,-1,-1,-1
34,477,1363.20,274.73,43.61,40.99,0.5181,-1,-1,-1
34,478,1706.17,1028.79,48.63,39.78,0.3505,-1,-1,-1
35,467,814.86,500.03,309.77,504.15,0.6106,-1,-1,-1
35,471,1242.86,116.70,37.52,40.89,0.1968,-1,-1,-1
35,477,1364.26,272.30,44.03,41.46,0.5439,-1,-1,-1
35,478,1712.14,1031.01,46.41,38.07,0.3280,-1,-1,-1
36,467,814.02,495.57,313.45,509.51,0.6342,-1,-1,-1
36,471,1243.08,111.13,38.99,42.58,0.2825,-1,-1,-1
36,477,1365.31,269.85,44.17,41.68,0.5354,-1,-1,-1
36,478,1716.09,1031.22,48.32,39.81,0.5162,-1,-1,-1
37,467,812.14,493.13,315.22,510.63,0.5776,-1,-1,-1
37,471,1244.56,105.83,38.48,41.88,0.2879,-1,-1,-1
37,477,1366.95,267.58,44.63,42.29,0.5117,-1,-1,-1
37,478,1719.08,1030.40,50.70,42.05,0.4835,-1,-1,-1
37,479,1065.38,1029.20,43.49,38.72,0.4396,-1,-1,-1
38,467,810.26,486.26,320.16,518.01,0.6991,-1,-1,-1
38,471,1245.22,100.60,39.03,42.41,0.3108,-1,-1,-1
38,477,1369.36,266.58,43.34,41.20,0.4834,-1,-1,-1
38,478,1723.25,1030.04,52.15,43.45,0.5326,-1,-1,-1
38,479,1064.14,1026.63,45.41,40.47,0.4278,-1,-1,-1
39,467,810.95,481.34,322.64,522.23,0.6318,-1,-1,-1
39,471,1246.91,97.32,37.71,40.83,0.1981,-1,-1,-1
39,477,1370.43,264.47,42.42,40.56,0.3383,-1,-1,-1
39,478,1725.81,1029.42,52.45,44.00,0.5080,-1,-1,-1
39,479,1063.91,1024.74,46.35,41.39,0.2602,-1,-1,-1
40,467,814.75,486.26,318.69,514.98,0.5745,-1,-1,-1
40,471,1246.81,92.12,38.33,41.62,0.1391,-1,-1,-1
40,477,1372.73,262.98,40.94,39.37,0.2287,-1,-1,-1
40,478,1729.87,1029.29,50.98,43.01,0.4879,-1,-1,-1
40,479,1063.63,1022.92,47.12,42.23,0.2458,-1,-1,-1
41,467,782.03,394.28,368.33,602.94,0.7644,-1,-1,-1
41,471,1251.92,87.65,36.98,40.55,0.1341,-1,-1,-1
41,477,1374.31,260.67,40.77,39.45,0.2352,-1,-1,-1
41,478,1733.89,1028.75,49.27,41.89,0.4955,-1,-1,-1
41,479,1063.44,1021.23,47.40,42.69,0.2350,-1,-1,-1
42,467,779.19,359.97,381.72,635.53,0.7091,-1,-1,-1
42,471,1254.09,82.89,36.28,39.90,0.1103,-1,-1,-1
42,477,1375.53,257.87,41.37,40.34,0.1474,-1,-1,-1
42,478,1737.27,1028.15,48.51,41.43,0.4687,-1,-1,-1
42,479,1063.95,1020.18,46.87,42.43,0.2254,-1,-1,-1
43,467,779.13,350.86,382.06,644.31,0.6659,-1,-1,-1
43,471,1253.51,78.03,36.30,39.84,0.1497,-1,-1,-1
43,477,1378.68,255.95,41.99,41.15,0.1982,-1,-1,-1
43,478,1740.38,1026.49,48.80,41.68,0.4776,-1,-1,-1
43,479,1064.24,1018.89,46.35,42.19,0.2128,-1,-1,-1
44,467,800.95,403.45,348.43,589.48,0.6971,-1,-1,-1
44,471,1256.08,74.70,35.61,39.17,0.1688,-1,-1,-1
44,477,1380.53,254.38,43.58,43.11,0.2314,-1,-1,-1
44,478,1742.85,1025.26,50.78,43.36,0.4048,-1,-1,-1
44,479,1064.07,1018.09,45.50,41.58,0.2708,-1,-1,-1
45,467,789.81,367.95,364.54,623.97,0.7637,-1,-1,-1
45,471,1257.72,71.63,34.63,38.03,0.1726,-1,-1,-1
45,477,1381.97,252.88,43.91,43.66,0.2473,-1,-1,-1
45,478,1747.50,1023.30,51.63,44.57,0.3233,-1,-1,-1
45,479,1064.06,1016.92,44.87,41.21,0.2048,-1,-1,-1
46,467,787.49,355.74,366.44,632.64,0.8045,-1,-1,-1
46,471,1258.50,67.07,35.93,39.33,0.1834,-1,-1,-1
46,477,1383.52,251.58,43.44,43.41,0.3251,-1,-1,-1
46,478,1752.68,1022.26,50.50,43.90,0.3391,-1,-1,-1
46,479,1063.70,1015.15,45.26,41.70,0.2104,-1,-1,-1
47,467,786.28,353.13,364.17,632.16,0.7268,-1,-1,-1
47,471,1259.65,63.21,36.51,39.91,0.1964,-1,-1,-1
47,477,1385.51,250.94,41.94,41.94,0.2637,-1,-1,-1
47,478,1756.93,1020.34,51.23,45.12,0.3842,-1,-1,-1
47,479,1063.16,1014.48,44.89,41.38,0.2471,-1,-1,-1
48,467,799.80,355.03,357.28,627.91,0.7145,-1,-1,-1
48,471,1260.38,59.20,36.06,39.41,0.1650,-1,-1,-1
48,477,1386.91,249.56,41.86,41.80,0.3494,-1,-1,-1
48,478,1761.12,1018.28,50.91,45.41,0.3460,-1,-1,-1
48,479,1062.83,1013.36,44.73,41.06,0.1902,-1,-1,-1
49,467,804.69,352.12,354.17,629.49,0.7947,-1,-1,-1
49,471,1260.70,57.86,35.86,39.19,0.1560,-1,-1,-1
49,477,1387.21,249.06,42.04,41.95,0.3444,-1,-1,-1
49,478,1762.76,1017.75,50.51,45.59,0.3413,-1,-1,-1
49,479,1062.82,1013.16,44.43,40.60,0.2437,-1,-1,-1
50,467,805.21,352.57,350.53,628.04,0.7702,-1,-1,-1
50,471,1259.77,55.39,36.34,39.54,0.2517,-1,-1,-1
50,477,1388.05,248.42,42.07,41.92,0.3875,-1,-1,-1
50,478,1765.39,1015.97,53.18,48.24,0.1986,-1,-1,-1
50,479,1062.15,1012.25,44.91,40.87,0.3064,-1,-1,-1
51,467,816.94,378.64,332.98,598.88,0.7037,-1,-1,-1
51,471,1260.14,51.82,36.28,39.29,0.2583,-1,-1,-1
51,477,1388.37,247.42,42.86,42.62,0.4004,-1,-1,-1
51,478,1768.13,1014.80,52.98,48.30,0.2912,-1,-1,-1
51,479,1062.06,1011.30,44.91,40.67,0.3577,-1,-1,-1
52,467,815.37,366.99,334.92,605.98,0.6395,-1,-1,-1
52,471,1262.34,48.38,36.29,39.21,0.2309,-1,-1,-1
52,477,1389.28,246.36,43.47,43.18,0.4105,-1,-1,-1
52,478,1771.16,1013.53,53.06,48.85,0.2891,-1,-1,-1
52,479,1061.60,1010.12,45.42,41.01,0.3218,-1,-1,-1
53,467,822.32,378.97,326.24,592.73,0.6916,-1,-1,-1
53,471,1263.17,44.06,37.23,40.19,0.2146,-1,-1,-1
53,477,1390.63,245.98,44.05,43.79,0.4463,-1,-1,-1
53,478,1775.01,1012.36,52.85,48.86,0.1956,-1,-1,-1
53,479,1061.34,1008.65,46.30,41.82,0.3211,-1,-1,-1
54,467,808.61,366.82,334.29,605.99,0.6793,-1,-1,-1
54,471,1264.16,40.01,37.59,40.39,0.2309,-1,-1,-1
54,477,1393.09,246.18,43.42,43.21,0.4289,-1,-1,-1
54,478,1780.68,1013.15,49.78,45.78,0.1047,-1,-1,-1
54,479,1060.57,1006.79,47.08,42.54,0.1620,-1,-1,-1
55,467,814.77,365.73,331.61,605.10,0.7133,-1,-1,-1
55,471,1265.07,36.26,37.42,39.99,0.2349,-1,-1,-1
55,477,1395.86,245.95,42.17,41.92,0.4677,-1,-1,-1
55,478,1784.34,1012.45,48.42,44.25,0.2305,-1,-1,-1
55,479,1059.98,1005.97,47.22,42.64,0.2335,-1,-1,-1
56,467,820.80,362.12,330.07,609.68,0.5084,-1,-1,-1
56,471,1266.51,32.80,36.90,39.26,0.2438,-1,-1,-1
56,477,1398.40,245.90,40.65,40.47,0.4312,-1,-1,-1
56,478,1787.92,1011.52,47.93,43.27,0.1841,-1,-1,-1
56,479,1059.61,1005.39,47.13,42.38,0.2255,-1,-1,-1
57,467,834.51,373.15,319.24,594.82,0.4886,-1,-1,-1
57,471,1266.97,29.72,37.38,39.55,0.3059,-1,-1,-1
57,477,1401.01,246.15,39.17,39.03,0.3698,-1,-1,-1
57,478,1791.29,1010.89,46.93,41.82,0.2521,-1,-1,-1
57,479,1060.66,1003.91,47.32,42.84,0.1337,-1,-1,-1
58,467,840.19,381.30,311.95,584.85,0.5585,-1,-1,-1
58,471,1267.20,26.29,38.49,40.66,0.3265,-1,-1,-1
58,477,1403.36,246.44,38.05,38.04,0.3522,-1,-1,-1
58,478,1793.26,1008.33,48.67,42.94,0.2812,-1,-1,-1
58,479,1061.18,1002.44,47.56,43.37,0.1491,-1,-1,-1
59,467,843.00,367.94,317.24,601.44,0.6606,-1,-1,-1
59,471,1267.89,23.53,38.62,40.66,0.2872,-1,-1,-1
59,477,1404.65,245.75,38.83,39.15,0.4362,-1,-1,-1
59,478,1796.37,1006.82,49.77,43.92,0.2952,-1,-1,-1
59,479,1061.38,1001.70,47.15,43.27,0.1391,-1,-1,-1
60,467,835.46,358.20,319.71,608.88,0.5049,-1,-1,-1
60,471,1268.36,20.14,39.79,41.96,0.2173,-1,-1,-1
60,477,1406.27,245.18,39.50,40.05,0.4120,-1,-1,-1
60,478,1801.28,1006.53,48.69,43.02,0.3500,-1,-1,-1
60,479,1061.76,1000.74,46.41,42.79,0.1481,-1,-1,-1
61,467,818.49,352.65,323.92,614.21,0.5143,-1,-1,-1
61,471,1269.10,17.35,40.14,42.58,0.1600,-1,-1,-1
61,477,1408.04,245.50,39.61,40.32,0.4014,-1,-1,-1
61,478,1804.26,1004.65,49.82,44.13,0.2906,-1,-1,-1
61,479,1061.23,999.49,47.38,43.77,0.1838,-1,-1,-1
61,487,880.46,1031.21,35.26,42.20,0.4727,-1,-1,-1
62,467,811.88,354.93,323.49,611.07,0.6330,-1,-1,-1
62,471,1273.22,14.12,40.09,42.62,0.1567,-1,-1,-1
62,477,1409.56,245.73,39.43,40.19,0.4105,-1,-1,-1
62,478,1807.90,1003.76,49.06,43.71,0.3027,-1,-1,-1
62,479,1061.78,998.69,47.30,43.92,0.1869,-1,-1,-1
62,487,880.58,1031.24,34.85,41.71,0.4360,-1,-1,-1
63,467,833.56,384.27,304.90,576.92,0.6948,-1,-1,-1
63,471,1275.68,12.09,39.43,41.74,0.1680,-1,-1,-1
63,477,1410.83,246.10,39.55,40.15,0.4528,-1,-1,-1
63,478,1811.64,1003.52,48.66,43.49,0.2471,-1,-1,-1
63,479,1062.48,998.07,46.43,43.31,0.1301,-1,-1,-1
63,487,879.20,1029.52,35.56,42.60,0.4843,-1,-1,-1
64,467,844.82,390.59,298.33,570.22,0.5985,-1,-1,-1
64,471,1274.37,10.34,37.91,39.82,0.1890,-1,-1,-1
64,477,1412.10,246.32,40.28,40.84,0.4333,-1,-1,-1
64,478,1814.95,1002.76,50.06,44.69,0.1785,-1,-1,-1
64,479,1062.86,997.35,45.73,42.83,0.1262,-1,-1,-1
64,487,878.42,1027.46,36.69,44.11,0.4405,-1,-1,-1
65,467,843.26,367.29,304.99,592.75,0.7860,-1,-1,-1
65,471,1277.05,8.43,38.02,39.63,0.2145,-1,-1,-1
65,477,1413.28,246.93,40.80,41.42,0.3079,-1,-1,-1
65,478,1817.88,1001.20,51.97,46.60,0.2209,-1,-1,-1
65,479,1063.15,996.72,45.37,42.63,0.1325,-1,-1,-1
65,487,878.24,1027.00,36.52,44.09,0.3842,-1,-1,-1
66,467,843.90,357.11,307.47,605.67,0.5593,-1,-1,-1
66,471,1279.10,7.12,37.78,39.24,0.2555,-1,-1,-1
66,477,1414.51,248.20,40.13,40.62,0.1514,-1,-1,-1
66,478,1820.66,999.89,52.49,47.48,0.2449,-1,-1,-1
66,479,1063.29,996.47,44.70,42.14,0.1562,-1,-1,-1
66,487,877.66,1026.25,36.43,44.16,0.3911,-1,-1,-1
66,488,567.81,1030.15,50.98,43.36,0.4018,-1,-1,-1
67,467,845.82,367.73,298.23,593.68,0.6185,-1,-1,-1
67,471,1280.34,5.75,37.43,38.69,0.3191,-1,-1,-1
67,477,1417.36,248.94,40.65,41.16,0.1054,-1,-1,-1
67,478,1823.19,998.48,53.40,48.50,0.2062,-1,-1,-1
67,487,877.50,1025.66,36.11,44.05,0.2802,-1,-1,-1
67,488,566.72,1027.04,52.34,44.61,0.3176,-1,-1,-1
67,489,542.55,980.84,44.12,43.04,0.4666,-1,-1,-1
68,467,845.31,369.59,295.16,594.08,0.5906,-1,-1,-1
68,471,1281.71,4.46,36.98,37.91,0.3007,-1,-1,-1
68,478,1826.95,996.74,54.67,49.68,0.2066,-1,-1,-1
68,487,876.33,1024.75,35.80,43.70,0.2725,-1,-1,-1
68,488,562.88,1023.05,51.46,44.02,0.2985,-1,-1,-1
68,489,541.02,980.82,41.79,40.78,0.3483,-1,-1,-1
69,467,840.56,352.38,300.16,611.48,0.5911,-1,-1,-1
69,471,1283.04,3.25,36.64,37.15,0.2890,-1,-1,-1
69,478,1830.64,996.36,54.40,49.58,0.2768,-1,-1,-1
69,487,875.87,1024.38,35.71,43.57,0.2023,-1,-1,-1
69,488,559.88,1018.36,50.32,43.29,0.2849,-1,-1,-1
69,489,538.57,978.14,42.67,41.63,0.3992,-1,-1,-1
70,467,823.87,339.26,308.78,628.02,0.5993,-1,-1,-1
70,471,1284.45,2.41,36.07,36.12,0.2191,-1,-1,-1
70,478,1834.16,996.56,54.00,49.13,0.2392,-1,-1,-1
70,487,875.36,1024.06,35.86,43.52,0.1777,-1,-1,-1
70,488,559.56,1011.96,50.81,43.89,0.2962,-1,-1,-1
70,489,535.03,977.00,42.61,41.54,0.3815,-1,-1,-1
71,467,830.53,335.46,309.03,634.81,0.6770,-1,-1,-1
71,471,1285.05,1.45,34.91,34.29,0.1958,-1,-1,-1
71,478,1837.78,997.38,52.03,47.33,0.3026,-1,-1,-1
71,487,874.89,1023.58,36.00,43.26,0.2348,-1,-1,-1
71,488,558.51,1006.73,52.32,45.54,0.2275,-1,-1,-1
71,489,530.35,976.75,41.48,40.40,0.4717,-1,-1,-1
72,467,836.42,333.77,306.70,637.40,0.7754,-1,-1,-1
72,471,1285.50,0.62,34.93,33.77,0.1902,-1,-1,-1
72,478,1841.37,997.27,50.34,45.71,0.3293,-1,-1,-1
72,487,874.04,1023.15,36.29,43.19,0.3086,-1,-1,-1
72,488,556.87,1002.14,51.97,45.71,0.4112,-1,-1,-1
72,489,526.01,975.57,41.47,40.35,0.4837,-1,-1,-1
73,467,839.51,333.22,303.64,638.10,0.7740,-1,-1,-1
73,471,1285.48,0.38,35.22,33.56,0.1860,-1,-1,-1
73,478,1842.51,997.26,49.84,45.19,0.3369,-1,-1,-1
73,487,873.67,1023.05,36.55,43.12,0.3139,-1,-1,-1
73,488,556.57,1000.73,51.46,45.74,0.4004,-1,-1,-1
73,489,524.59,975.16,41.60,40.42,0.4870,-1,-1,-1
73,492,788.46,1043.35,28.06,23.38,0.5080,-1,-1,-1
74,467,843.70,338.01,295.68,629.20,0.7964,-1,-1,-1
74,471,1286.51,0.30,35.07,33.06,0.1508,-1,-1,-1
74,478,1847.17,997.81,49.10,44.48,0.4074,-1,-1,-1
74,487,873.49,1022.85,36.63,42.83,0.3867,-1,-1,-1
74,488,555.41,998.42,48.04,42.75,0.2918,-1,-1,-1
74,489,522.45,975.14,40.86,39.63,0.2381,-1,-1,-1
74,492,788.32,1042.63,28.42,23.67,0.4962,-1,-1,-1
75,467,846.50,340.45,291.95,626.43,0.7253,-1,-1,-1
75,471,1289.06,-0.37,35.14,32.72,0.1090,-1,-1,-1
75,478,1849.88,997.26,49.07,44.56,0.4011,-1,-1,-1
75,487,872.11,1022.58,36.78,42.27,0.3868,-1,-1,-1
75,488,553.11,992.07,47.40,42.25,0.2081,-1,-1,-1
75,489,519.64,974.77,40.66,39.28,0.3656,-1,-1,-1
75,492,788.34,1041.43,28.88,24.04,0.4700,-1,-1,-1
75,493,495.21,1066.10,32.51,13.90,0.4195,-1,-1,-1
76,467,850.28,338.20,290.25,627.38,0.7649,-1,-1,-1
76,478,1853.02,996.32,48.53,44.44,0.3407,-1,-1,-1
76,487,870.80,1021.75,37.71,42.76,0.3158,-1,-1,-1
76,489,515.64,974.16,40.03,38.66,0.3095,-1,-1,-1
76,492,788.26,1040.61,28.98,24.10,0.4284,-1,-1,-1
76,493,495.06,1066.07,32.54,13.93,0.3196,-1,-1,-1
77,467,852.15,338.00,288.06,626.26,0.7933,-1,-1,-1
77,478,1856.93,996.99,47.04,43.37,0.4934,-1,-1,-1
77,487,869.96,1020.43,37.60,42.01,0.4447,-1,-1,-1
77,489,513.06,974.06,39.43,37.83,0.3204,-1,-1,-1
77,492,788.66,1040.37,28.63,23.84,0.5032,-1,-1,-1
77,493,494.90,1065.83,32.99,14.17,0.3504,-1,-1,-1
77,494,1481.56,889.25,47.39,42.79,0.4477,-1,-1,-1
78,467,851.55,333.96,288.72,630.76,0.7372,-1,-1,-1
78,478,1859.93,996.30,46.70,43.38,0.5978,-1,-1,-1
78,487,869.47,1019.99,37.91,41.84,0.4896,-1,-1,-1
78,489,511.29,973.61,38.80,36.79,0.4131,-1,-1,-1
78,492,788.55,1039.20,29.45,24.65,0.5066,-1,-1,-1
78,493,493.53,1064.62,35.60,15.38,0.4239,-1,-1,-1
78,494,1484.89,890.04,46.82,42.31,0.4427,-1,-1,-1
78,488,550.61,978.44,48.10,43.38,0.4575,-1,-1,-1
79,467,854.89,335.82,284.63,625.03,0.7465,-1,-1,-1
79,478,1862.52,995.17,47.91,44.87,0.5189,-1,-1,-1
79,487,869.07,1019.93,38.02,41.36,0.4189,-1,-1,-1
79,489,507.55,971.50,40.72,38.44,0.2212,-1,-1,-1
79,492,788.63,1038.14,29.51,24.75,0.4719,-1,-1,-1
79,493,492.20,1063.10,38.79,16.90,0.4307,-1,-1,-1
79,494,1491.25,892.05,45.25,40.76,0.2886,-1,-1,-1
79,488,549.96,973.69,47.80,43.29,0.2547,-1,-1,-1
80,467,858.28,338.17,280.54,619.90,0.7574,-1,-1,-1
80,478,1867.85,995.33,47.95,45.23,0.5320,-1,-1,-1
80,487,869.37,1019.97,37.22,39.82,0.3921,-1,-1,-1
80,489,503.10,971.42,39.23,36.90,0.1925,-1,-1,-1
80,492,789.11,1037.92,28.68,24.03,0.4912,-1,-1,-1
80,493,491.93,1062.14,40.53,17.86,0.4002,-1,-1,-1
80,494,1495.21,893.05,45.45,40.75,0.2816,-1,-1,-1
80,488,549.61,969.99,46.15,41.81,0.3242,-1,-1,-1
81,467,860.77,338.72,278.64,618.70,0.8043,-1,-1,-1
81,478,1872.72,996.20,46.69,44.34,0.5178,-1,-1,-1
81,487,868.88,1019.53,36.05,37.89,0.2844,-1,-1,-1
81,489,495.33,969.41,42.01,39.49,0.2257,-1,-1,-1
81,492,789.31,1037.87,28.27,23.64,0.4806,-1,-1,-1
81,493,491.60,1061.09,42.29,18.91,0.3527,-1,-1,-1
81,494,1496.30,893.18,47.62,42.63,0.2484,-1,-1,-1
81,488,544.00,962.53,50.41,45.95,0.3774,-1,-1,-1
82,467,868.64,359.07,267.52,593.87,0.7442,-1,-1,-1
82,478,1875.74,996.85,45.51,43.46,0.5121,-1,-1,-1
82,487,867.81,1018.39,36.75,38.02,0.4071,-1,-1,-1
82,489,491.39,968.27,43.07,40.76,0.3172,-1,-1,-1
82,492,789.37,1037.95,27.72,23.10,0.4354,-1,-1,-1
82,493,491.96,1060.51,42.77,19.49,0.3675,-1,-1,-1
82,494,1496.36,892.88,50.26,45.13,0.3690,-1,-1,-1
82,488,541.98,957.95,50.56,46.25,0.3731,-1,-1,-1
83,467,867.11,359.32,268.83,596.74,0.7491,-1,-1,-1
83,478,1878.26,996.65,44.45,42.93,0.5315,-1,-1,-1
83,487,867.10,1018.35,36.90,37.60,0.4169,-1,-1,-1
83,489,488.72,968.05,43.09,41.10,0.2537,-1,-1,-1
83,492,788.88,1036.92,28.65,23.89,0.4560,-1,-1,-1
83,493,491.95,1060.35,42.25,19.65,0.2778,-1,-1,-1
83,494,1497.67,894.05,50.34,45.25,0.2535,-1,-1,-1
83,488,542.96,955.24,49.04,44.95,0.4155,-1,-1,-1
84,467,871.85,352.21,268.63,598.25,0.7905,-1,-1,-1
84,478,1880.07,997.02,44.11,43.39,0.5136,-1,-1,-1
84,487,866.38,1018.41,37.04,37.21,0.3688,-1,-1,-1
84,492,789.20,1036.16,28.57,23.78,0.4439,-1,-1,-1
84,493,491.96,1059.97,42.21,20.03,0.2630,-1,-1,-1
84,494,1501.36,895.85,49.49,44.57,0.1575,-1,-1,-1
84,488,542.83,951.70,49.44,45.56,0.2136,-1,-1,-1
85,467,875.00,349.19,265.47,594.91,0.8494,-1,-1,-1
85,478,1880.15,994.59,47.21,48.01,0.2711,-1,-1,-1
85,487,865.83,1018.71,37.28,36.93,0.3159,-1,-1,-1
85,492,789.10,1035.61,28.88,23.96,0.3895,-1,-1,-1
85,493,492.19,1059.48,42.38,20.52,0.2416,-1,-1,-1
85,494,1505.10,898.07,48.55,43.96,0.1543,-1,-1,-1
86,467,876.19,347.47,260.68,588.10,0.8486,-1,-1,-1
86,478,1881.42,991.45,49.46,52.72,0.1443,-1,-1,-1
86,487,864.21,1018.19,39.63,38.77,0.2442,-1,-1,-1
86,492,788.75,1035.20,29.31,24.19,0.2931,-1,-1,-1
86,493,492.63,1056.70,43.07,21.25,0.1676,-1,-1,-1
86,494,1508.05,900.52,47.97,43.52,0.1699,-1,-1,-1
87,467,876.08,346.16,257.70,585.02,0.8423,-1,-1,-1
87,487,863.36,1018.37,40.29,38.94,0.2246,-1,-1,-1
87,492,789.32,1035.44,28.59,23.53,0.3539,-1,-1,-1
87,493,493.18,1055.63,42.62,21.41,0.2021,-1,-1,-1
87,494,1513.26,903.31,45.46,41.02,0.1895,-1,-1,-1
88,467,873.64,338.16,258.81,592.10,0.7671,-1,-1,-1
88,487,863.00,1018.64,40.78,38.95,0.1787,-1,-1,-1
88,492,789.23,1035.56,28.29,23.08,0.3687,-1,-1,-1
88,493,494.11,1055.25,41.36,21.16,0.2387,-1,-1,-1
88,494,1515.27,904.48,48.30,43.49,0.1494,-1,-1,-1
89,467,879.40,345.22,256.55,587.71,0.7482,-1,-1,-1
89,487,862.17,1019.15,40.60,38.40,0.1763,-1,-1,-1
89,492,789.33,1035.81,28.01,22.70,0.3166,-1,-1,-1
89,493,494.53,1055.07,40.79,21.21,0.2180,-1,-1,-1
89,494,1516.93,906.63,48.94,44.21,0.3112,-1,-1,-1
90,467,881.93,349.75,256.86,588.32,0.7621,-1,-1,-1
90,487,861.63,1019.21,39.36,37.02,0.1649,-1,-1,-1
90,492,789.63,1035.99,27.83,22.49,0.2650,-1,-1,-1
90,493,495.04,1055.02,39.98,21.07,0.2437,-1,-1,-1
90,494,1519.72,908.02,51.30,46.46,0.2436,-1,-1,-1
91,467,879.52,352.46,257.73,588.61,0.7336,-1,-1,-1
91,487,861.17,1019.48,38.33,35.93,0.2080,-1,-1,-1
91,492,789.79,1035.88,28.12,22.72,0.2175,-1,-1,-1
91,493,495.59,1055.02,38.94,20.73,0.2421,-1,-1,-1
91,494,1521.73,909.12,54.42,49.22,0.2798,-1,-1,-1
92,467,880.20,355.59,255.72,581.19,0.7664,-1,-1,-1
92,487,860.21,1019.36,38.33,35.77,0.2316,-1,-1,-1
92,492,790.17,1035.82,28.18,22.80,0.1860,-1,-1,-1
92,493,496.18,1055.05,38.13,20.47,0.2290,-1,-1,-1
92,494,1524.99,910.83,54.56,49.34,0.1381,-1,-1,-1
92,498,253.74,77.35,38.44,39.28,0.4217,-1,-1,-1
92,488,536.33,923.40,44.28,40.90,0.4314,-1,-1,-1
93,467,879.31,358.52,254.47,574.94,0.7872,-1,-1,-1
93,487,858.95,1018.68,39.11,36.33,0.2768,-1,-1,-1
93,492,790.42,1035.61,28.48,23.08,0.1637,-1,-1,-1
93,493,496.52,1055.00,37.71,20.37,0.1735,-1,-1,-1
93,494,1528.35,914.22,52.69,47.73,0.2134,-1,-1,-1
93,498,252.30,79.36,38.77,39.65,0.3181,-1,-1,-1
93,499,1157.65,107.86,31.63,37.06,0.4375,-1,-1,-1
93,488,535.00,917.97,46.26,42.93,0.3957,-1,-1,-1
94,467,879.34,357.86,256.50,579.55,0.7434,-1,-1,-1
94,487,858.19,1018.57,39.41,36.37,0.2891,-1,-1,-1
94,492,791.01,1035.28,28.45,23.08,0.1942,-1,-1,-1
94,493,496.67,1054.97,37.48,20.36,0.1964,-1,-1,-1
94,494,1531.16,916.81,51.09,46.18,0.2305,-1,-1,-1
94,498,252.24,82.55,38.41,39.34,0.1952,-1,-1,-1
94,499,1158.42,107.73,31.48,36.88,0.4549,-1,-1,-1
94,488,534.18,915.80,46.43,42.85,0.4487,-1,-1,-1
95,467,881.51,358.33,257.12,580.74,0.8229,-1,-1,-1
95,487,858.43,1020.33,38.80,35.61,0.2260,-1,-1,-1
95,492,790.84,1034.90,28.96,23.54,0.1273,-1,-1,-1
95,493,496.73,1055.02,37.19,20.30,0.1854,-1,-1,-1
95,494,1532.03,918.63,51.48,46.41,0.1624,-1,-1,-1
95,498,252.05,86.27,37.35,38.29,0.1086,-1,-1,-1
95,499,1158.93,107.88,31.34,36.71,0.4337,-1,-1,-1
95,488,532.81,913.62,46.58,42.90,0.5125,-1,-1,-1
96,467,880.47,359.15,258.12,583.06,0.8342,-1,-1,-1
96,487,857.16,1018.64,39.77,36.36,0.2832,-1,-1,-1
96,492,790.90,1034.88,28.80,23.38,0.1258,-1,-1,-1
96,493,496.89,1055.07,36.71,20.12,0.2051,-1,-1,-1
96,494,1534.29,920.55,52.72,47.56,0.3307,-1,-1,-1
96,498,250.83,88.87,37.58,38.57,0.1205,-1,-1,-1
96,499,1159.56,108.21,30.54,35.73,0.3994,-1,-1,-1
96,488,531.65,912.01,46.52,42.78,0.5355,-1,-1,-1
97,467,881.05,355.70,258.88,584.21,0.8500,-1,-1,-1
97,487,857.38,1020.30,38.97,35.54,0.2940,-1,-1,-1
97,492,790.78,1034.97,28.84,23.35,0.1086,-1,-1,-1
97,493,496.97,1055.11,36.44,20.07,0.1786,-1,-1,-1
97,494,1537.70,923.88,52.15,47.10,0.4054,-1,-1,-1
97,499,1159.80,108.45,30.78,36.00,0.3834,-1,-1,-1
97,488,531.16,910.08,46.84,42.64,0.4564,-1,-1,-1
97,500,1061.23,983.23,45.82,40.71,0.4337,-1,-1,-1
98,467,881.30,354.62,259.14,584.14,0.8492,-1,-1,-1
98,487,856.13,1018.31,40.61,36.96,0.2924,-1,-1,-1
98,492,790.73,1034.83,29.04,23.49,0.1101,-1,-1,-1
98,493,497.12,1055.17,36.22,20.04,0.1696,-1,-1,-1
98,494,1538.98,925.08,51.84,46.87,0.4085,-1,-1,-1
98,499,1159.88,108.48,30.94,36.20,0.3878,-1,-1,-1
98,488,530.85,909.58,46.71,42.26,0.4562,-1,-1,-1
98,500,1060.99,983.29,45.90,40.79,0.4409,-1,-1,-1
99,467,879.37,356.38,259.19,583.72,0.8202,-1,-1,-1
99,487,855.41,1018.01,41.06,37.39,0.3358,-1,-1,-1
99,492,790.71,1034.67,29.11,23.53,0.1265,-1,-1,-1
99,493,497.45,1055.26,35.52,19.70,0.1718,-1,-1,-1
99,494,1541.85,926.64,53.24,48.37,0.4837,-1,-1,-1
99,499,1159.95,108.59,31.19,36.51,0.3378,-1,-1,-1
99,488,530.28,908.27,46.82,42.09,0.4208,-1,-1,-1
99,500,1061.35,983.26,46.09,40.94,0.4130,-1,-1,-1
100,467,878.52,355.44,259.49,583.38,0.8459,-1,-1,-1
100,487,855.04,1017.93,41.46,37.74,0.3842,-1,-1,-1
100,492,791.03,1034.67,28.83,23.32,0.1773,-1,-1,-1
100,493,497.48,1055.30,35.47,19.74,0.1681,-1,-1,-1
100,494,1543.97,928.86,55.77,51.19,0.5083,-1,-1,-1
100,499,1161.12,108.77,31.03,36.08,0.2659,-1,-1,-1
100,488,528.03,905.75,47.02,42.75,0.3301,-1,-1,-1
100,500,1061.40,982.77,46.28,41.17,0.3106,-1,-1,-1
101,467,875.45,357.44,259.20,578.69,0.8244,-1,-1,-1
101,487,854.76,1018.37,41.20,37.44,0.3722,-1,-1,-1
101,492,791.23,1034.80,28.69,23.23,0.1664,-1,-1,-1
101,493,497.60,1055.33,35.20,19.65,0.1753,-1,-1,-1
101,494,1546.56,931.01,56.35,52.30,0.4918,-1,-1,-1
101,499,1161.89,109.20,30.12,34.72,0.1667,-1,-1,-1
101,488,527.59,903.77,45.45,41.48,0.2706,-1,-1,-1
101,500,1061.59,983.72,45.15,40.18,0.2452,-1,-1,-1
102,467,876.99,362.64,257.55,572.13,0.8448,-1,-1,-1
102,487,854.31,1018.72,41.58,37.68,0.3409,-1,-1,-1
102,492,791.09,1034.91,28.82,23.38,0.1276,-1,-1,-1
102,493,497.68,1055.35,35.02,19.62,0.1492,-1,-1,-1
102,494,1547.78,933.37,55.26,51.65,0.3425,-1,-1,-1
102,499,1155.54,109.20,35.42,40.47,0.1511,-1,-1,-1
102,500,1062.27,985.56,43.24,38.43,0.2173,-1,-1,-1
103,467,879.01,369.01,256.07,566.75,0.8513,-1,-1,-1
103,487,854.30,1019.64,40.94,36.96,0.3082,-1,-1,-1
103,492,791.21,1035.01,28.70,23.32,0.1464,-1,-1,-1
103,493,497.78,1055.34,34.86,19.58,0.1408,-1,-1,-1
103,494,1551.78,937.55,53.61,49.98,0.2926,-1,-1,-1
103,499,1150.20,108.28,39.28,44.01,0.1759,-1,-1,-1
103,500,1063.61,986.30,41.94,37.32,0.1901,-1,-1,-1
104,467,878.51,373.01,255.77,563.77,0.8490,-1,-1,-1
104,487,853.26,1019.98,40.92,36.86,0.3233,-1,-1,-1
104,492,791.21,1034.93,28.76,23.42,0.1452,-1,-1,-1
104,493,497.73,1055.32,34.76,19.59,0.1134,-1,-1,-1
104,494,1557.11,942.74,50.68,46.80,0.3200,-1,-1,-1
104,499,1155.32,108.14,35.65,39.38,0.1751,-1,-1,-1
104,500,1064.23,986.34,41.75,37.25,0.2020,-1,-1,-1
105,467,877.73,371.04,256.47,564.75,0.8736,-1,-1,-1
105,487,852.61,1020.15,41.02,36.86,0.3356,-1,-1,-1
105,492,791.03,1034.96,28.89,23.59,0.1051,-1,-1,-1
105,494,1560.28,947.45,49.25,45.38,0.2511,-1,-1,-1
105,499,1158.79,107.00,34.06,37.27,0.1417,-1,-1,-1
106,467,876.94,369.53,257.05,566.17,0.8802,-1,-1,-1
106,487,852.00,1019.93,41.23,36.93,0.4053,-1,-1,-1
106,492,790.88,1035.02,28.88,23.58,0.1182,-1,-1,-1
106,494,1562.35,952.50,48.25,44.46,0.2652,-1,-1,-1
106,499,1161.99,107.77,32.59,35.51,0.1889,-1,-1,-1
107,467,875.26,364.46,258.68,570.26,0.8748,-1,-1,-1
107,487,851.14,1019.78,41.44,37.08,0.4610,-1,-1,-1
107,492,791.08,1035.12,28.66,23.42,0.1571,-1,-1,-1
107,494,1563.79,955.71,50.40,46.61,0.2629,-1,-1,-1
107,499,1163.42,108.22,31.99,34.94,0.2532,-1,-1,-1
108,467,874.52,362.59,259.28,573.24,0.8776,-1,-1,-1
108,487,850.63,1019.62,41.75,37.35,0.5172,-1,-1,-1
108,492,791.37,1035.08,28.39,23.25,0.2028,-1,-1,-1
108,494,1566.96,959.01,51.84,47.98,0.2054,-1,-1,-1
108,499,1165.37,109.79,30.27,33.04,0.2758,-1,-1,-1
109,467,873.22,360.95,258.76,574.74,0.8977,-1,-1,-1
109,487,849.83,1019.42,42.15,37.83,0.4796,-1,-1,-1
109,492,791.55,1035.05,28.15,23.13,0.2464,-1,-1,-1
109,494,1570.96,963.85,51.21,47.42,0.1036,-1,-1,-1
109,499,1166.30,111.04,29.89,32.47,0.2817,-1,-1,-1
110,467,873.34,359.83,258.29,576.39,0.8979,-1,-1,-1
110,487,849.51,1018.77,42.27,38.11,0.4444,-1,-1,-1
110,492,791.58,1034.96,28.12,23.15,0.2518,-1,-1,-1
110,494,1574.32,968.43,49.02,45.35,0.1289,-1,-1,-1
110,499,1167.62,111.63,29.69,32.17,0.2241,-1,-1,-1
111,467,873.20,359.11,257.11,576.70,0.8942,-1,-1,-1
111,487,849.49,1018.96,41.89,37.83,0.4283,-1,-1,-1
111,492,791.67,1035.05,27.97,23.09,0.2511,-1,-1,-1
111,499,1168.47,112.20,29.58,31.95,0.2400,-1,-1,-1
111,501,543.13,599.52,48.30,46.56,0.5344,-1,-1,-1
112,467,873.26,358.72,256.19,576.79,0.8751,-1,-1,-1
112,487,848.78,1018.64,42.44,38.31,0.5057,-1,-1,-1
112,492,791.80,1035.09,27.84,23.06,0.1948,-1,-1,-1
112,499,1169.04,112.42,29.94,32.29,0.2082,-1,-1,-1
112,501,538.15,598.89,47.99,46.35,0.4756,-1,-1,-1
113,467,876.77,359.46,256.03,576.04,0.8497,-1,-1,-1
113,487,848.44,1018.51,42.62,38.42,0.4946,-1,-1,-1
113,492,791.77,1034.90,27.85,23.11,0.2320,-1,-1,-1
113,499,1169.62,113.25,30.30,32.60,0.1973,-1,-1,-1
113,501,532.88,598.36,47.48,45.82,0.4943,-1,-1,-1