0,11,1364.82,382.51,66.30,61.66,0.5200,-1,-1,-1
0,10,1326.12,714.03,71.45,67.50,0.5275,-1,-1,-1
0,9,1209.16,264.11,92.05,83.19,0.7251,-1,-1,-1
0,8,1079.42,4.19,95.11,72.75,0.7553,-1,-1,-1
0,7,1056.38,380.95,91.38,88.49,0.7718,-1,-1,-1
0,6,1605.89,585.66,90.87,86.38,0.7802,-1,-1,-1
0,5,1164.53,49.01,115.00,99.01,0.7978,-1,-1,-1
0,4,1389.91,297.11,94.08,91.56,0.8026,-1,-1,-1
0,3,1326.26,418.62,79.99,71.04,0.8219,-1,-1,-1
0,2,1489.71,141.53,94.10,87.36,0.8362,-1,-1,-1
0,1,1241.91,446.51,76.93,74.61,0.8392,-1,-1,-1
1,11,1363.38,375.56,62.67,57.27,0.5200,-1,-1,-1
1,10,1324.23,705.09,76.35,64.88,0.5275,-1,-1,-1
1,9,1212.55,286.68,78.77,78.30,0.7251,-1,-1,-1
1,8,1079.33,16.63,91.39,76.53,0.7553,-1,-1,-1
1,7,1053.83,402.82,95.97,91.02,0.7718,-1,-1,-1
1,6,1608.62,566.11,82.12,85.67,0.7802,-1,-1,-1
1,5,1163.31,66.72,116.53,101.12,0.7978,-1,-1,-1
1,4,1393.32,322.67,96.52,92.40,0.8026,-1,-1,-1
1,3,1324.26,406.03,76.76,72.57,0.8219,-1,-1,-1
1,2,1488.66,129.26,91.20,86.27,0.8362,-1,-1,-1
2,10,1324.10,694.62,73.71,71.40,0.5275,-1,-1,-1
2,9,1215.59,309.50,79.78,79.13,0.7251,-1,-1,-1
2,8,1074.90,31.52,94.68,75.92,0.7553,-1,-1,-1
2,7,1050.49,427.37,98.89,90.68,0.7718,-1,-1,-1
2,6,1607.95,551.84,83.53,81.61,0.7802,-1,-1,-1
2,5,1166.47,87.16,112.91,100.60,0.7978,-1,-1,-1
2,4,1397.44,348.58,93.72,90.83,0.8026,-1,-1,-1
2,3,1322.43,392.77,75.92,73.57,0.8219,-1,-1,-1
2,2,1483.00,115.69,92.04,89.66,0.8362,-1,-1,-1
2,1,1242.84,491.90,98.14,73.70,0.8392,-1,-1,-1
3,11,1360.50,354.01,62.59,60.48,0.5200,-1,-1,-1
3,9,1216.86,329.97,80.47,81.58,0.7251,-1,-1,-1
3,8,1078.89,45.96,89.41,79.79,0.7553,-1,-1,-1
3,7,1046.86,453.63,96.58,90.37,0.7718,-1,-1,-1
3,6,1604.38,534.68,92.08,81.90,0.7802,-1,-1,-1
3,5,1167.63,107.06,111.13,101.98,0.7978,-1,-1,-1
3,4,1399.84,374.40,93.22,87.04,0.8026,-1,-1,-1
3,3,1321.03,382.22,74.23,69.92,0.8219,-1,-1,-1
3,2,1479.39,102.94,93.90,89.92,0.8362,-1,-1,-1
3,1,1240.97,513.45,96.42,75.40,0.8392,-1,-1,-1
4,11,1357.66,344.35,67.29,59.52,0.5200,-1,-1,-1
4,10,1319.67,675.16,75.27,72.75,0.5275,-1,-1,-1
4,9,1212.31,353.44,85.65,82.11,0.7251,-1,-1,-1
4,8,1077.38,61.59,91.34,80.38,0.7553,-1,-1,-1
4,7,1043.25,478.96,95.48,89.44,0.7718,-1,-1,-1
4,6,1605.04,516.66,87.33,83.14,0.7802,-1,-1,-1
4,5,1165.82,127.78,113.33,102.92,0.7978,-1,-1,-1
4,4,1409.09,420.32,104.70,109.61,0.8026,-1,-1,-1
4,3,1319.93,370.13,74.13,71.79,0.8219,-1,-1,-1
4,2,1475.11,91.10,93.48,89.33,0.8362,-1,-1,-1
5,11,1355.54,337.08,62.10,56.84,0.5200,-1,-1,-1
5,10,1317.56,668.35,75.81,70.65,0.5275,-1,-1,-1
5,9,1216.91,378.03,85.41,81.00,0.7251,-1,-1,-1
5,8,1077.15,76.07,91.88,82.41,0.7553,-1,-1,-1
5,6,1602.82,501.99,86.21,83.96,0.7802,-1,-1,-1
5,5,1166.71,148.34,112.20,106.74,0.7978,-1,-1,-1
5,4,1398.93,400.03,111.35,116.99,0.8026,-1,-1,-1
5,3,1317.10,358.56,73.68,70.12,0.8219,-1,-1,-1
5,2,1473.09,83.96,88.85,83.26,0.8362,-1,-1,-1
6,11,1355.18,327.44,58.55,59.08,0.5200,-1,-1,-1
6,10,1317.70,660.55,75.36,67.61,0.5275,-1,-1,-1
6,9,1217.21,399.48,84.89,82.30,0.7251,-1,-1,-1
6,8,1077.76,95.16,90.41,82.85,0.7553,-1,-1,-1
6,6,1602.51,486.87,84.19,78.68,0.7802,-1,-1,-1
6,5,1169.88,173.57,108.26,104.32,0.7978,-1,-1,-1
6,4,1397.68,378.75,108.56,100.38,0.8026,-1,-1,-1
6,3,1316.00,346.70,72.17,69.59,0.8219,-1,-1,-1
6,2,1471.16,74.92,88.51,81.18,0.8362,-1,-1,-1
7,10,1313.43,642.51,81.05,73.52,0.5275,-1,-1,-1
7,9,1220.01,448.05,83.26,86.42,0.7251,-1,-1,-1
7,8,1076.54,131.99,91.75,83.50,0.7553,-1,-1,-1
7,6,1598.81,456.91,84.25,80.85,0.7802,-1,-1,-1
7,5,1169.39,220.91,106.64,103.90,0.7978,-1,-1,-1
7,4,1391.46,336.19,113.01,106.58,0.8026,-1,-1,-1
7,2,1465.04,51.84,87.70,83.18,0.8362,-1,-1,-1
7,1,1241.81,623.35,74.24,71.58,0.8392,-1,-1,-1
8,15,1286.83,492.66,63.69,66.78,0.5349,-1,-1,-1
8,10,1313.17,633.63,80.50,77.63,0.5275,-1,-1,-1
8,9,1219.97,474.80,83.38,86.40,0.7251,-1,-1,-1
8,8,1079.93,153.09,87.05,83.20,0.7553,-1,-1,-1
8,6,1593.64,441.09,85.25,78.31,0.7802,-1,-1,-1
8,5,1169.60,247.79,105.66,104.05,0.7978,-1,-1,-1
8,4,1390.04,318.74,109.66,100.42,0.8026,-1,-1,-1
8,2,1461.77,40.56,87.50,85.52,0.8362,-1,-1,-1
9,10,1314.01,624.93,74.95,76.91,0.5275,-1,-1,-1
9,9,1217.64,499.14,84.57,85.53,0.7251,-1,-1,-1
9,8,1080.58,175.53,86.43,78.24,0.7553,-1,-1,-1
9,6,1594.94,426.40,81.33,77.87,0.7802,-1,-1,-1
9,5,1169.34,273.86,106.65,104.66,0.7978,-1,-1,-1
9,4,1386.48,297.63,111.01,103.61,0.8026,-1,-1,-1
9,2,1458.55,33.56,86.38,80.33,0.8362,-1,-1,-1
9,1,1241.20,672.48,76.90,72.08,0.8392,-1,-1,-1
10,9,1217.92,524.22,89.74,85.62,0.7251,-1,-1,-1
10,8,1082.79,191.39,80.20,83.36,0.7553,-1,-1,-1
10,7,1026.62,660.11,87.60,90.15,0.7718,-1,-1,-1
10,6,1595.57,413.64,78.63,76.11,0.7802,-1,-1,-1
10,5,1169.67,297.78,106.73,106.74,0.7978,-1,-1,-1
10,4,1386.50,279.29,105.51,101.55,0.8026,-1,-1,-1
10,3,1306.16,290.90,76.60,73.67,0.8219,-1,-1,-1
10,2,1453.31,23.08,86.48,82.35,0.8362,-1,-1,-1
10,1,1238.14,691.09,74.44,71.48,0.8392,-1,-1,-1
11,9,1218.57,549.58,91.50,86.35,0.7251,-1,-1,-1
11,8,1079.23,216.37,84.13,78.47,0.7553,-1,-1,-1
11,6,1593.13,399.58,78.79,75.83,0.7802,-1,-1,-1
11,5,1169.05,327.59,108.60,104.12,0.7978,-1,-1,-1
11,4,1384.94,260.99,106.33,100.78,0.8026,-1,-1,-1
11,2,1450.24,14.61,86.21,80.47,0.8362,-1,-1,-1
11,1,1239.05,717.02,71.89,67.30,0.8392,-1,-1,-1
12,10,1309.91,599.95,75.40,70.44,0.5275,-1,-1,-1
12,9,1218.51,577.03,86.57,81.98,0.7251,-1,-1,-1
12,8,1076.56,231.85,85.89,84.67,0.7553,-1,-1,-1
12,7,1015.48,714.51,94.47,87.98,0.7718,-1,-1,-1
12,6,1591.26,385.72,80.17,76.94,0.7802,-1,-1,-1
12,5,1171.25,353.61,103.89,110.40,0.7978,-1,-1,-1
12,4,1376.59,243.68,109.67,99.59,0.8026,-1,-1,-1
12,2,1445.27,2.97,88.81,81.82,0.8362,-1,-1,-1
12,1,1236.01,739.62,74.53,68.38,0.8392,-1,-1,-1
13,10,1306.54,589.53,79.21,74.32,0.5275,-1,-1,-1
13,9,1216.76,601.72,86.44,84.16,0.7251,-1,-1,-1
13,8,1071.94,257.18,88.51,82.62,0.7553,-1,-1,-1
13,6,1587.44,373.10,81.48,77.54,0.7802,-1,-1,-1
13,5,1168.40,381.81,107.07,108.86,0.7978,-1,-1,-1
13,4,1374.94,224.88,106.04,100.77,0.8026,-1,-1,-1
13,2,1438.19,0.00,93.27,77.13,0.8362,-1,-1,-1
13,1,1235.71,733.79,74.06,65.97,0.8392,-1,-1,-1
14,10,1305.95,580.82,81.48,77.79,0.5275,-1,-1,-1
14,9,1216.94,629.30,84.99,91.23,0.7251,-1,-1,-1
14,8,1071.81,277.89,87.64,83.74,0.7553,-1,-1,-1
14,6,1587.10,360.62,81.41,76.54,0.7802,-1,-1,-1
14,5,1167.23,410.35,109.97,113.68,0.7978,-1,-1,-1
14,4,1371.48,207.32,107.99,100.78,0.8026,-1,-1,-1
14,2,1434.36,0.00,95.46,69.88,0.8362,-1,-1,-1
14,1,1235.73,716.10,72.49,68.32,0.8392,-1,-1,-1
15,16,1494.99,431.89,118.29,116.49,0.5851,-1,-1,-1
15,12,1406.37,425.84,86.61,84.05,0.7019,-1,-1,-1
15,10,1305.24,573.23,80.10,76.05,0.5275,-1,-1,-1
15,9,1216.36,657.52,85.42,79.61,0.7251,-1,-1,-1
15,8,1067.30,298.21,95.40,87.11,0.7553,-1,-1,-1
15,7,1012.92,713.02,89.22,84.79,0.7718,-1,-1,-1
15,6,1585.58,348.26,79.37,77.37,0.7802,-1,-1,-1
15,5,1165.30,440.75,108.70,113.45,0.7978,-1,-1,-1
15,4,1369.86,192.45,104.39,98.95,0.8026,-1,-1,-1
15,3,1298.95,248.27,85.63,67.15,0.8219,-1,-1,-1
15,2,1433.91,0.11,91.90,58.19,0.8362,-1,-1,-1
16,17,1705.37,4.33,214.53,145.70,0.8054,-1,-1,-1
16,16,1493.82,408.89,114.85,116.77,0.5851,-1,-1,-1
16,12,1401.26,410.41,86.90,82.10,0.7019,-1,-1,-1
16,10,1302.23,565.13,82.16,75.41,0.5275,-1,-1,-1
16,9,1219.29,683.70,83.66,83.57,0.7251,-1,-1,-1
16,8,1067.40,322.06,91.06,87.21,0.7553,-1,-1,-1
16,6,1583.53,336.05,78.72,76.46,0.7802,-1,-1,-1
16,5,1161.34,474.04,111.26,112.04,0.7978,-1,-1,-1
16,4,1365.78,176.87,105.12,97.53,0.8026,-1,-1,-1
16,3,1294.29,238.29,89.89,68.97,0.8219,-1,-1,-1
16,2,1433.27,0.88,86.51,50.42,0.8362,-1,-1,-1
17,18,785.74,0.08,73.12,44.59,0.7341,-1,-1,-1
17,17,1738.52,3.15,181.48,226.78,0.8054,-1,-1,-1
17,16,1492.84,387.71,113.20,115.98,0.5851,-1,-1,-1
17,12,1398.35,395.68,87.35,82.79,0.7019,-1,-1,-1
17,10,1299.90,557.21,87.02,76.06,0.5275,-1,-1,-1
17,9,1217.27,713.00,84.90,78.75,0.7251,-1,-1,-1
17,8,1064.45,346.09,89.25,90.60,0.7553,-1,-1,-1
17,7,1011.82,670.03,86.82,87.38,0.7718,-1,-1,-1
17,6,1581.87,325.96,78.05,75.28,0.7802,-1,-1,-1
17,5,1160.78,502.57,111.42,113.60,0.7978,-1,-1,-1
17,4,1362.44,156.67,104.84,102.86,0.8026,-1,-1,-1
17,3,1292.21,229.46,87.95,73.70,0.8219,-1,-1,-1
17,2,1430.57,1.31,83.58,40.94,0.8362,-1,-1,-1
18,18,779.71,0.63,74.76,58.57,0.7341,-1,-1,-1
18,17,1781.03,3.98,138.87,304.03,0.8054,-1,-1,-1
18,16,1490.89,366.57,112.26,113.47,0.5851,-1,-1,-1
18,12,1396.53,382.62,85.69,81.92,0.7019,-1,-1,-1
18,10,1299.76,544.12,84.54,81.02,0.5275,-1,-1,-1
18,8,1066.11,371.85,86.00,86.51,0.7553,-1,-1,-1
18,7,1010.25,648.59,88.53,89.21,0.7718,-1,-1,-1
18,6,1581.98,313.98,77.06,75.18,0.7802,-1,-1,-1
18,5,1158.44,531.41,110.34,117.19,0.7978,-1,-1,-1
18,4,1360.61,142.87,101.50,100.24,0.8026,-1,-1,-1
19,20,1258.61,386.32,62.05,56.34,0.5054,-1,-1,-1
19,19,1234.46,639.94,61.47,63.44,0.7217,-1,-1,-1
19,18,770.02,3.22,83.87,68.53,0.7341,-1,-1,-1
19,17,1823.78,30.85,96.05,367.59,0.8054,-1,-1,-1
19,16,1488.89,346.02,112.92,110.75,0.5851,-1,-1,-1
19,12,1392.46,368.74,87.96,81.58,0.7019,-1,-1,-1
19,10,1298.29,538.55,85.45,81.43,0.5275,-1,-1,-1
19,9,1211.07,735.03,88.15,80.80,0.7251,-1,-1,-1
19,8,1064.05,395.22,90.20,89.29,0.7553,-1,-1,-1
19,7,1007.12,631.93,92.46,86.92,0.7718,-1,-1,-1
19,6,1580.52,301.89,75.31,76.03,0.7802,-1,-1,-1
19,5,1155.76,563.07,112.62,121.79,0.7978,-1,-1,-1
19,4,1355.66,126.59,103.58,99.88,0.8026,-1,-1,-1
19,3,1287.94,215.74,85.52,67.75,0.8219,-1,-1,-1
20,21,1133.45,0.37,81.00,47.43,0.7141,-1,-1,-1
20,20,1257.36,377.77,63.20,56.53,0.5054,-1,-1,-1
20,18,764.21,13.48,85.89,71.61,0.7341,-1,-1,-1
20,16,1487.27,324.60,114.44,113.83,0.5851,-1,-1,-1
20,12,1388.93,354.63,89.13,82.18,0.7019,-1,-1,-1
20,10,1284.03,533.13,101.26,78.16,0.5275,-1,-1,-1
20,8,1062.42,421.52,88.62,90.35,0.7553,-1,-1,-1
20,6,1578.87,291.95,75.85,74.05,0.7802,-1,-1,-1
20,5,1152.43,598.83,139.31,115.68,0.7978,-1,-1,-1
20,4,1350.62,111.64,104.31,98.51,0.8026,-1,-1,-1
20,3,1285.81,206.44,86.27,72.90,0.8219,-1,-1,-1
20,1,1210.79,715.02,91.75,76.94,0.8392,-1,-1,-1
21,21,1133.17,1.07,85.52,63.45,0.7141,-1,-1,-1
21,20,1253.82,368.75,63.14,57.24,0.5054,-1,-1,-1
21,19,1226.54,604.51,64.26,66.18,0.7217,-1,-1,-1
21,18,759.98,25.01,82.65,71.68,0.7341,-1,-1,-1
21,16,1486.26,305.55,112.95,113.60,0.5851,-1,-1,-1
21,12,1387.72,342.60,86.80,81.57,0.7019,-1,-1,-1
21,10,1280.61,521.88,103.26,82.68,0.5275,-1,-1,-1
21,8,1056.75,444.64,101.65,95.60,0.7553,-1,-1,-1
21,6,1577.91,282.46,74.61,72.55,0.7802,-1,-1,-1
21,4,1346.90,99.53,106.42,96.26,0.8026,-1,-1,-1
21,3,1284.80,200.82,83.51,72.55,0.8219,-1,-1,-1
22,22,1395.56,589.90,97.72,96.24,0.6851,-1,-1,-1
22,21,1130.16,3.38,93.53,78.40,0.7141,-1,-1,-1
22,20,1252.23,362.55,61.73,54.76,0.5054,-1,-1,-1
22,18,754.09,36.12,83.30,73.75,0.7341,-1,-1,-1
22,16,1484.41,289.13,112.91,110.57,0.5851,-1,-1,-1
22,12,1387.35,331.40,85.11,80.67,0.7019,-1,-1,-1
22,8,1056.37,474.93,96.39,91.34,0.7553,-1,-1,-1
22,6,1576.09,273.16,74.22,71.17,0.7802,-1,-1,-1
22,5,1148.55,661.28,150.19,116.87,0.7978,-1,-1,-1
22,4,1342.17,86.07,107.93,97.25,0.8026,-1,-1,-1
22,3,1281.04,192.50,84.23,73.77,0.8219,-1,-1,-1
23,22,1393.23,570.42,92.06,93.25,0.6851,-1,-1,-1
23,21,1130.51,14.62,95.64,81.32,0.7141,-1,-1,-1
23,18,746.42,45.77,87.12,77.42,0.7341,-1,-1,-1
23,16,1483.28,270.44,110.40,107.83,0.5851,-1,-1,-1
23,12,1386.03,320.15,84.45,79.89,0.7019,-1,-1,-1
23,8,1056.54,503.14,90.72,87.97,0.7553,-1,-1,-1
23,6,1576.38,260.03,71.19,75.09,0.7802,-1,-1,-1
23,5,1212.58,656.59,84.96,80.69,0.7978,-1,-1,-1
23,4,1338.38,72.83,110.11,97.26,0.8026,-1,-1,-1
23,3,1276.71,183.50,89.11,76.55,0.8219,-1,-1,-1
24,21,1131.63,29.84,97.88,82.91,0.7141,-1,-1,-1
24,20,1246.72,343.68,65.69,57.98,0.5054,-1,-1,-1
24,18,741.30,60.43,87.78,77.13,0.7341,-1,-1,-1
24,16,1478.19,253.01,113.01,106.10,0.5851,-1,-1,-1
24,12,1385.35,309.15,82.87,78.90,0.7019,-1,-1,-1
24,6,1573.47,252.81,71.53,72.72,0.7802,-1,-1,-1
24,5,1214.41,634.18,81.74,82.14,0.7978,-1,-1,-1
24,4,1336.14,60.92,104.83,96.43,0.8026,-1,-1,-1
25,23,994.80,538.45,84.95,91.88,0.7335,-1,-1,-1
25,21,1130.33,42.13,102.83,88.15,0.7141,-1,-1,-1
25,18,736.63,71.88,90.82,79.05,0.7341,-1,-1,-1
25,16,1477.52,237.89,111.56,106.57,0.5851,-1,-1,-1
25,12,1382.91,298.04,83.30,78.64,0.7019,-1,-1,-1
25,10,1298.59,498.33,81.68,73.70,0.5275,-1,-1,-1
25,6,1572.89,242.44,70.91,72.89,0.7802,-1,-1,-1
25,5,1216.44,618.10,77.87,78.15,0.7978,-1,-1,-1
25,4,1333.46,48.54,105.28,94.00,0.8026,-1,-1,-1
25,3,1277.30,172.98,82.75,71.26,0.8219,-1,-1,-1
26,21,1133.72,58.12,99.12,86.65,0.7141,-1,-1,-1
26,19,1214.22,598.86,80.62,78.24,0.7217,-1,-1,-1
26,18,727.21,85.06,95.14,81.07,0.7341,-1,-1,-1
26,16,1475.56,220.49,106.83,105.72,0.5851,-1,-1,-1
26,12,1379.56,286.76,84.70,78.83,0.7019,-1,-1,-1
26,10,1280.13,490.76,98.75,78.50,0.5275,-1,-1,-1
26,6,1570.30,234.49,71.76,71.25,0.7802,-1,-1,-1
26,4,1330.37,36.09,103.86,96.67,0.8026,-1,-1,-1
27,23,977.81,528.43,84.44,81.25,0.7335,-1,-1,-1
27,21,1137.09,76.73,97.62,85.91,0.7141,-1,-1,-1
27,19,1214.75,581.78,80.73,77.65,0.7217,-1,-1,-1
27,18,724.08,99.93,90.03,80.80,0.7341,-1,-1,-1
27,16,1474.71,206.04,105.15,104.36,0.5851,-1,-1,-1
27,12,1377.50,276.21,83.16,76.56,0.7019,-1,-1,-1
27,6,1571.07,226.58,68.32,69.35,0.7802,-1,-1,-1
27,4,1327.75,24.77,105.52,93.85,0.8026,-1,-1,-1
27,3,1274.14,160.97,81.15,75.31,0.8219,-1,-1,-1
28,24,1138.51,657.39,112.16,110.56,0.7591,-1,-1,-1
28,23,966.93,520.82,81.27,82.94,0.7335,-1,-1,-1
28,21,1138.32,92.00,97.50,89.40,0.7141,-1,-1,-1
28,19,1213.16,562.29,83.60,80.31,0.7217,-1,-1,-1
28,18,718.35,113.97,89.66,81.24,0.7341,-1,-1,-1
28,16,1469.93,188.76,110.19,105.60,0.5851,-1,-1,-1
28,12,1375.51,266.76,81.82,74.81,0.7019,-1,-1,-1
28,6,1566.39,215.81,72.43,71.60,0.7802,-1,-1,-1
28,4,1321.27,12.48,106.74,95.62,0.8026,-1,-1,-1
29,23,955.96,517.12,88.07,84.27,0.7335,-1,-1,-1
29,21,1141.48,110.03,94.27,88.21,0.7141,-1,-1,-1
29,18,714.47,129.90,89.83,81.03,0.7341,-1,-1,-1
29,16,1469.48,178.95,107.28,100.92,0.5851,-1,-1,-1
29,12,1371.79,255.83,82.74,76.13,0.7019,-1,-1,-1
29,6,1563.00,205.92,73.34,73.49,0.7802,-1,-1,-1
29,4,1319.71,6.14,106.81,89.64,0.8026,-1,-1,-1
30,24,1111.88,611.81,134.85,111.00,0.7591,-1,-1,-1
30,23,953.11,512.65,79.73,80.64,0.7335,-1,-1,-1
30,21,1139.84,129.26,96.53,89.06,0.7141,-1,-1,-1
30,18,707.41,144.34,93.77,83.25,0.7341,-1,-1,-1
30,16,1467.42,162.77,109.56,102.26,0.5851,-1,-1,-1
30,12,1371.52,246.34,81.26,75.67,0.7019,-1,-1,-1
30,6,1560.20,198.92,75.07,70.97,0.7802,-1,-1,-1
30,4,1321.06,0.00,100.56,85.69,0.8026,-1,-1,-1
31,23,941.44,508.28,85.20,81.77,0.7335,-1,-1,-1
31,22,1368.65,432.49,93.07,84.62,0.6851,-1,-1,-1
31,21,1142.96,146.66,97.86,92.39,0.7141,-1,-1,-1
31,19,1211.31,512.70,80.73,78.49,0.7217,-1,-1,-1
31,18,700.42,160.24,95.00,83.85,0.7341,-1,-1,-1
31,16,1464.36,150.53,111.42,101.11,0.5851,-1,-1,-1
31,12,1372.98,238.00,77.51,74.51,0.7019,-1,-1,-1
31,6,1562.35,188.18,75.50,71.94,0.7802,-1,-1,-1
31,4,1318.77,0.00,98.56,73.20,0.8026,-1,-1,-1
31,3,1267.72,138.49,80.02,73.44,0.8219,-1,-1,-1
32,23,923.84,497.78,84.94,85.58,0.7335,-1,-1,-1
32,22,1367.65,401.53,88.95,85.89,0.6851,-1,-1,-1
32,21,1145.98,189.40,94.94,88.45,0.7141,-1,-1,-1
32,19,1212.59,481.70,75.66,76.33,0.7217,-1,-1,-1
32,18,688.79,193.04,94.59,81.86,0.7341,-1,-1,-1
32,16,1464.39,126.31,108.76,97.99,0.5851,-1,-1,-1
32,12,1368.76,221.81,78.10,69.15,0.7019,-1,-1,-1
32,10,1273.41,439.14,88.25,83.31,0.5275,-1,-1,-1
32,6,1557.24,177.40,77.41,70.48,0.7802,-1,-1,-1
32,4,1316.57,0.44,91.26,49.33,0.8026,-1,-1,-1
33,26,1140.93,702.90,96.83,97.37,0.8260,-1,-1,-1
33,24,1124.79,520.89,114.40,113.20,0.7591,-1,-1,-1
33,23,914.96,494.57,84.27,80.48,0.7335,-1,-1,-1
33,22,1363.79,387.36,88.51,86.04,0.6851,-1,-1,-1
33,21,1146.75,208.57,95.16,91.57,0.7141,-1,-1,-1
33,20,1231.88,274.05,66.10,59.76,0.5054,-1,-1,-1
33,19,1208.06,465.61,79.73,76.57,0.7217,-1,-1,-1
33,18,684.65,208.07,94.09,85.27,0.7341,-1,-1,-1
33,16,1459.33,110.66,113.39,99.77,0.5851,-1,-1,-1
33,12,1365.80,211.79,76.12,71.66,0.7019,-1,-1,-1
33,10,1277.55,433.54,82.62,80.03,0.5275,-1,-1,-1
33,6,1555.23,167.38,79.69,71.71,0.7802,-1,-1,-1
33,4,1315.50,0.69,88.71,39.57,0.8026,-1,-1,-1
34,28,1202.04,432.43,58.85,51.41,0.5065,-1,-1,-1
34,26,1147.03,722.98,93.81,98.45,0.8260,-1,-1,-1
34,24,1122.98,498.53,112.56,112.87,0.7591,-1,-1,-1
34,23,907.26,490.77,84.18,79.95,0.7335,-1,-1,-1
34,22,1361.68,373.53,86.89,85.01,0.6851,-1,-1,-1
34,21,1149.49,230.36,91.21,90.41,0.7141,-1,-1,-1
34,18,679.65,227.09,91.84,85.89,0.7341,-1,-1,-1
34,16,1459.31,100.85,109.06,96.42,0.5851,-1,-1,-1
34,12,1362.69,203.75,74.84,70.75,0.7019,-1,-1,-1
34,10,1275.40,423.78,85.90,87.49,0.5275,-1,-1,-1
34,6,1552.45,159.57,76.11,70.14,0.7802,-1,-1,-1
34,4,1315.30,0.38,82.11,31.84,0.8026,-1,-1,-1
34,3,1261.59,117.94,68.48,59.54,0.8219,-1,-1,-1
35,26,1156.13,744.58,97.70,87.19,0.8260,-1,-1,-1
35,24,1123.60,481.65,108.67,107.48,0.7591,-1,-1,-1
35,23,901.48,488.75,78.45,78.91,0.7335,-1,-1,-1
35,22,1358.60,360.66,89.04,83.07,0.6851,-1,-1,-1
35,21,1151.21,253.93,92.62,88.62,0.7141,-1,-1,-1
35,19,1211.45,436.15,70.31,73.48,0.7217,-1,-1,-1
35,18,675.30,244.03,89.88,88.00,0.7341,-1,-1,-1
35,16,1460.06,89.00,103.36,96.05,0.5851,-1,-1,-1
35,12,1361.76,194.36,73.81,71.18,0.7019,-1,-1,-1
35,10,1273.71,417.78,86.35,83.81,0.5275,-1,-1,-1
35,6,1552.25,153.55,76.06,70.10,0.7802,-1,-1,-1
35,3,1258.11,112.33,74.02,63.38,0.8219,-1,-1,-1
36,26,1163.82,733.17,98.69,92.23,0.8260,-1,-1,-1
36,24,1122.94,459.28,106.98,108.03,0.7591,-1,-1,-1
36,23,896.24,486.12,77.21,78.06,0.7335,-1,-1,-1
36,22,1355.27,346.59,90.55,82.32,0.6851,-1,-1,-1
36,21,1152.20,276.86,90.57,87.90,0.7141,-1,-1,-1
36,19,1201.26,413.70,80.44,80.25,0.7217,-1,-1,-1
36,18,666.67,263.48,92.34,87.27,0.7341,-1,-1,-1
36,16,1458.37,81.40,105.55,92.87,0.5851,-1,-1,-1
36,12,1360.48,187.64,73.31,68.96,0.7019,-1,-1,-1
36,10,1273.08,413.30,86.31,83.69,0.5275,-1,-1,-1
36,6,1551.67,146.52,72.93,69.03,0.7802,-1,-1,-1
36,3,1256.60,109.20,70.69,58.80,0.8219,-1,-1,-1
37,26,1175.47,714.75,98.55,97.01,0.8260,-1,-1,-1
37,24,1120.09,440.69,107.43,109.43,0.7591,-1,-1,-1
37,23,888.32,483.02,76.26,79.73,0.7335,-1,-1,-1
37,22,1352.22,332.64,87.27,82.29,0.6851,-1,-1,-1
37,21,1155.04,297.11,90.35,91.95,0.7141,-1,-1,-1
37,19,1196.72,402.65,84.37,80.50,0.7217,-1,-1,-1
37,18,664.68,282.30,89.99,85.70,0.7341,-1,-1,-1
37,16,1456.04,69.37,106.32,92.18,0.5851,-1,-1,-1
37,12,1357.05,178.83,77.60,70.62,0.7019,-1,-1,-1
37,10,1269.83,405.04,89.91,86.58,0.5275,-1,-1,-1
37,6,1549.83,138.84,73.31,69.04,0.7802,-1,-1,-1
37,3,1253.71,103.12,74.22,61.43,0.8219,-1,-1,-1
38,29,1276.20,136.58,59.30,51.36,0.6423,-1,-1,-1
38,24,1114.74,421.77,106.65,104.68,0.7591,-1,-1,-1
38,23,880.57,479.42,75.66,79.50,0.7335,-1,-1,-1
38,22,1349.12,321.28,84.32,82.03,0.6851,-1,-1,-1
38,21,1150.64,321.89,93.02,87.45,0.7141,-1,-1,-1
38,19,1198.26,391.70,82.78,75.51,0.7217,-1,-1,-1
38,18,657.09,301.24,89.00,88.16,0.7341,-1,-1,-1
38,16,1451.48,59.99,105.04,93.13,0.5851,-1,-1,-1
38,12,1357.32,171.95,74.32,67.52,0.7019,-1,-1,-1
38,10,1268.32,399.10,88.90,88.58,0.5275,-1,-1,-1
38,6,1549.27,133.85,71.60,68.04,0.7802,-1,-1,-1
38,3,1251.25,98.96,73.17,59.49,0.8219,-1,-1,-1
39,29,1274.72,135.10,58.98,50.12,0.6423,-1,-1,-1
39,23,870.80,476.72,79.51,78.25,0.7335,-1,-1,-1
39,22,1346.29,310.18,84.29,80.17,0.6851,-1,-1,-1
39,18,653.77,322.70,85.71,84.15,0.7341,-1,-1,-1
39,16,1450.58,48.27,101.64,95.43,0.5851,-1,-1,-1
39,12,1355.05,162.58,75.31,70.49,0.7019,-1,-1,-1
39,10,1266.17,395.79,89.31,84.13,0.5275,-1,-1,-1
39,6,1546.15,130.00,71.57,65.68,0.7802,-1,-1,-1
39,3,1249.62,94.68,72.29,61.24,0.8219,-1,-1,-1
40,29,1272.89,129.66,60.66,52.89,0.6423,-1,-1,-1
40,24,1112.60,378.21,123.90,107.25,0.7591,-1,-1,-1
40,23,862.13,475.17,80.69,77.62,0.7335,-1,-1,-1
40,22,1345.35,297.94,84.67,80.36,0.6851,-1,-1,-1
40,20,1216.16,242.67,61.15,54.81,0.5054,-1,-1,-1
40,18,645.85,341.53,94.22,84.91,0.7341,-1,-1,-1
40,16,1451.49,39.81,99.32,92.38,0.5851,-1,-1,-1
40,12,1351.81,156.60,78.84,69.82,0.7019,-1,-1,-1
40,10,1263.93,390.23,89.51,85.46,0.5275,-1,-1,-1
40,6,1543.87,122.92,70.91,66.32,0.7802,-1,-1,-1
40,3,1247.73,89.91,73.22,61.57,0.8219,-1,-1,-1
41,24,1109.79,365.59,136.37,120.01,0.7591,-1,-1,-1
41,23,856.58,475.31,78.52,72.85,0.7335,-1,-1,-1
41,22,1343.62,286.30,83.81,80.07,0.6851,-1,-1,-1
41,20,1216.36,238.97,59.09,53.62,0.5054,-1,-1,-1
41,18,641.41,360.64,89.70,87.93,0.7341,-1,-1,-1
41,16,1448.50,32.06,99.41,90.86,0.5851,-1,-1,-1
41,12,1348.46,149.47,77.84,70.19,0.7019,-1,-1,-1
41,10,1262.48,383.88,87.91,85.69,0.5275,-1,-1,-1
41,6,1542.73,115.40,70.13,68.39,0.7802,-1,-1,-1
41,5,1203.74,652.78,107.45,99.99,0.7978,-1,-1,-1
41,3,1247.23,87.06,73.16,61.05,0.8219,-1,-1,-1
42,29,1268.61,126.26,59.33,49.12,0.6423,-1,-1,-1
42,24,1106.02,348.18,106.37,100.19,0.7591,-1,-1,-1
42,23,847.75,475.26,78.92,68.71,0.7335,-1,-1,-1
42,22,1339.44,275.36,87.27,80.25,0.6851,-1,-1,-1
42,21,1154.67,421.31,92.11,91.54,0.7141,-1,-1,-1
42,20,1212.36,233.89,60.47,54.19,0.5054,-1,-1,-1
42,19,1201.04,343.19,75.68,71.66,0.7217,-1,-1,-1
42,18,636.86,382.00,88.42,85.87,0.7341,-1,-1,-1
42,16,1446.16,25.64,98.20,86.57,0.5851,-1,-1,-1
42,12,1347.71,142.56,78.04,70.16,0.7019,-1,-1,-1
42,10,1259.55,378.14,88.38,86.82,0.5275,-1,-1,-1
42,6,1541.96,110.49,69.83,66.56,0.7802,-1,-1,-1
42,3,1245.06,84.37,72.51,59.20,0.8219,-1,-1,-1
43,29,1270.01,122.23,54.06,49.93,0.6423,-1,-1,-1
43,24,1103.20,330.90,106.16,101.48,0.7591,-1,-1,-1
43,23,841.69,471.57,77.23,72.25,0.7335,-1,-1,-1
43,22,1333.66,265.86,88.32,78.12,0.6851,-1,-1,-1
43,21,1155.75,445.05,93.53,98.02,0.7141,-1,-1,-1
43,20,1209.83,230.23,58.75,54.53,0.5054,-1,-1,-1
43,19,1197.15,328.54,78.65,77.11,0.7217,-1,-1,-1
43,18,629.40,400.83,90.86,90.42,0.7341,-1,-1,-1
43,16,1445.69,13.88,99.49,90.49,0.5851,-1,-1,-1
43,12,1343.57,135.09,82.42,71.58,0.7019,-1,-1,-1
43,10,1256.98,373.13,90.14,87.68,0.5275,-1,-1,-1
43,6,1541.32,105.30,69.83,67.96,0.7802,-1,-1,-1
43,3,1246.02,80.64,69.34,57.85,0.8219,-1,-1,-1
44,29,1263.10,119.27,60.98,49.86,0.6423,-1,-1,-1
44,27,1242.24,607.09,108.92,99.59,0.7803,-1,-1,-1
44,23,835.21,471.76,77.97,71.57,0.7335,-1,-1,-1
44,22,1330.46,256.38,86.41,78.14,0.6851,-1,-1,-1
44,21,1156.57,469.76,93.71,98.21,0.7141,-1,-1,-1
44,20,1208.21,228.00,59.92,52.26,0.5054,-1,-1,-1
44,19,1197.36,318.09,79.44,76.61,0.7217,-1,-1,-1
44,18,623.26,422.27,91.52,85.33,0.7341,-1,-1,-1
44,16,1444.03,5.69,98.05,89.00,0.5851,-1,-1,-1
44,12,1339.48,130.22,84.06,70.05,0.7019,-1,-1,-1
44,10,1255.26,367.69,92.65,85.44,0.5275,-1,-1,-1
44,6,1538.73,99.50,72.34,67.20,0.7802,-1,-1,-1
44,3,1245.26,78.14,69.92,57.37,0.8219,-1,-1,-1
45,29,1262.28,114.11,62.32,53.41,0.6423,-1,-1,-1
45,24,1100.86,298.66,104.27,98.37,0.7591,-1,-1,-1
45,23,831.97,468.42,72.99,71.62,0.7335,-1,-1,-1
45,22,1327.71,246.69,85.46,76.35,0.6851,-1,-1,-1
45,20,1207.32,221.63,58.19,54.03,0.5054,-1,-1,-1
45,19,1190.91,305.11,82.46,81.76,0.7217,-1,-1,-1
45,18,614.93,444.06,95.19,87.73,0.7341,-1,-1,-1
45,16,1441.87,0.87,98.89,86.19,0.5851,-1,-1,-1
45,12,1338.28,122.20,83.10,71.92,0.7019,-1,-1,-1
45,10,1254.08,363.19,91.88,86.63,0.5275,-1,-1,-1
45,6,1535.70,93.33,73.97,68.63,0.7802,-1,-1,-1
45,3,1243.91,74.36,68.63,55.85,0.8219,-1,-1,-1
46,29,1261.37,115.46,59.66,49.52,0.6423,-1,-1,-1
46,27,1262.18,575.49,99.67,95.40,0.7803,-1,-1,-1
46,24,1096.19,280.69,102.64,99.78,0.7591,-1,-1,-1
46,23,824.43,468.31,76.34,69.23,0.7335,-1,-1,-1
46,22,1328.80,237.53,81.04,74.57,0.6851,-1,-1,-1
46,20,1207.02,217.38,58.57,54.51,0.5054,-1,-1,-1
46,19,1196.76,294.67,76.46,73.88,0.7217,-1,-1,-1
46,18,609.20,464.35,95.99,88.10,0.7341,-1,-1,-1
46,16,1440.77,1.63,99.25,77.44,0.5851,-1,-1,-1
46,12,1336.29,118.21,80.85,69.88,0.7019,-1,-1,-1
46,10,1249.19,354.06,96.83,92.21,0.5275,-1,-1,-1
46,6,1537.18,90.12,71.51,67.08,0.7802,-1,-1,-1
46,3,1243.27,71.84,67.79,56.39,0.8219,-1,-1,-1
47,30,1179.96,326.07,62.07,50.77,0.6347,-1,-1,-1
47,27,1271.10,560.45,104.78,96.57,0.7803,-1,-1,-1
47,24,1093.13,268.10,103.96,98.21,0.7591,-1,-1,-1
47,23,818.21,465.69,79.73,70.50,0.7335,-1,-1,-1
47,22,1322.86,225.85,86.04,78.64,0.6851,-1,-1,-1
47,20,1205.31,212.82,59.38,55.18,0.5054,-1,-1,-1
47,19,1199.36,284.85,72.93,66.30,0.7217,-1,-1,-1
47,18,604.90,490.26,94.13,86.62,0.7341,-1,-1,-1
47,16,1439.32,0.00,98.38,68.61,0.5851,-1,-1,-1
47,12,1332.32,112.44,82.70,69.71,0.7019,-1,-1,-1
47,10,1245.12,348.38,98.36,92.80,0.5275,-1,-1,-1
47,6,1534.09,85.93,73.19,65.53,0.7802,-1,-1,-1
47,3,1242.47,67.20,67.55,58.37,0.8219,-1,-1,-1
48,30,1179.93,319.45,57.91,48.79,0.6347,-1,-1,-1
48,29,1255.97,106.58,61.58,53.05,0.6423,-1,-1,-1
48,27,1273.93,546.66,110.71,96.87,0.7803,-1,-1,-1
48,24,1094.11,254.50,101.55,97.00,0.7591,-1,-1,-1
48,23,810.57,464.53,76.98,69.77,0.7335,-1,-1,-1
48,22,1323.56,217.39,82.58,75.18,0.6851,-1,-1,-1
48,20,1203.50,210.14,60.39,53.10,0.5054,-1,-1,-1
48,19,1202.32,274.38,70.01,65.48,0.7217,-1,-1,-1
48,18,599.03,510.87,93.02,86.84,0.7341,-1,-1,-1
48,16,1435.79,0.00,100.61,63.80,0.5851,-1,-1,-1
48,12,1332.90,108.04,79.76,69.02,0.7019,-1,-1,-1
48,10,1242.12,344.09,100.05,92.64,0.5275,-1,-1,-1
48,6,1534.47,82.40,70.95,64.52,0.7802,-1,-1,-1
48,3,1241.81,65.43,66.90,57.34,0.8219,-1,-1,-1
49,29,1253.64,104.96,62.40,51.96,0.6423,-1,-1,-1
49,24,1092.51,244.38,101.22,92.51,0.7591,-1,-1,-1
49,23,804.51,463.19,77.62,70.24,0.7335,-1,-1,-1
49,22,1321.44,209.26,82.49,75.89,0.6851,-1,-1,-1
49,21,1149.32,607.23,99.88,99.21,0.7141,-1,-1,-1
49,20,1202.18,208.61,59.87,50.58,0.5054,-1,-1,-1
49,19,1197.34,263.93,72.19,66.41,0.7217,-1,-1,-1
49,18,593.03,534.23,96.45,85.02,0.7341,-1,-1,-1
49,16,1436.19,0.00,96.85,55.21,0.5851,-1,-1,-1
49,12,1332.33,102.68,79.72,68.42,0.7019,-1,-1,-1
49,10,1240.16,338.13,100.55,93.55,0.5275,-1,-1,-1
49,6,1535.03,79.80,66.95,62.14,0.7802,-1,-1,-1
49,3,1240.00,62.52,68.89,57.41,0.8219,-1,-1,-1
50,29,1252.89,103.52,61.74,49.71,0.6423,-1,-1,-1
50,24,1091.14,224.15,99.73,97.32,0.7591,-1,-1,-1
50,23,798.29,464.34,80.23,69.41,0.7335,-1,-1,-1
50,22,1318.43,199.64,83.33,78.52,0.6851,-1,-1,-1
50,21,1152.18,635.86,98.58,98.68,0.7141,-1,-1,-1
50,20,1200.34,206.86,60.12,49.29,0.5054,-1,-1,-1
50,19,1198.43,253.94,69.50,65.73,0.7217,-1,-1,-1
50,18,589.82,554.18,91.69,87.84,0.7341,-1,-1,-1
50,16,1435.20,0.00,95.05,46.77,0.5851,-1,-1,-1
50,12,1330.19,97.48,80.10,66.98,0.7019,-1,-1,-1
50,10,1240.55,335.44,97.02,91.28,0.5275,-1,-1,-1
50,6,1532.49,74.29,69.82,64.14,0.7802,-1,-1,-1
50,3,1238.92,60.85,66.90,55.09,0.8219,-1,-1,-1
51,24,1088.60,210.33,99.42,96.63,0.7591,-1,-1,-1
51,23,792.77,464.36,83.73,66.88,0.7335,-1,-1,-1
51,22,1314.44,188.68,86.17,79.19,0.6851,-1,-1,-1
51,20,1199.83,205.67,58.77,42.50,0.5054,-1,-1,-1
51,19,1197.11,243.80,68.86,65.41,0.7217,-1,-1,-1
51,18,584.77,574.89,91.02,87.90,0.7341,-1,-1,-1
51,16,1437.60,0.07,86.62,41.47,0.5851,-1,-1,-1
51,12,1326.69,91.14,82.16,68.77,0.7019,-1,-1,-1
51,10,1239.08,327.11,97.38,96.34,0.5275,-1,-1,-1
51,6,1531.43,68.14,71.16,66.97,0.7802,-1,-1,-1
52,30,1175.01,288.34,58.36,55.74,0.6347,-1,-1,-1
52,24,1086.97,200.69,97.39,94.58,0.7591,-1,-1,-1
52,23,786.14,464.89,73.92,66.85,0.7335,-1,-1,-1
52,22,1312.93,183.42,83.50,73.79,0.6851,-1,-1,-1
52,19,1194.84,233.61,73.76,65.30,0.7217,-1,-1,-1
52,18,578.02,596.08,94.74,88.78,0.7341,-1,-1,-1
52,12,1324.04,86.76,82.56,69.66,0.7019,-1,-1,-1
52,6,1531.33,62.68,68.31,67.47,0.7802,-1,-1,-1
53,30,1170.89,280.58,62.87,56.17,0.6347,-1,-1,-1
53,24,1087.22,184.27,93.41,95.09,0.7591,-1,-1,-1
53,23,781.64,465.20,69.78,64.75,0.7335,-1,-1,-1
53,22,1311.32,176.55,81.34,72.57,0.6851,-1,-1,-1
53,19,1195.71,226.19,69.92,63.54,0.7217,-1,-1,-1
53,12,1324.50,83.72,80.54,67.23,0.7019,-1,-1,-1
53,6,1530.14,59.79,68.53,67.03,0.7802,-1,-1,-1
53,3,1235.28,49.80,65.37,59.68,0.8219,-1,-1,-1
54,30,1168.40,275.77,62.84,55.77,0.6347,-1,-1,-1
54,24,1085.02,175.70,94.68,92.49,0.7591,-1,-1,-1
54,23,774.82,464.98,69.40,66.58,0.7335,-1,-1,-1
54,22,1312.62,169.63,75.71,70.89,0.6851,-1,-1,-1
54,19,1195.86,214.50,67.68,65.79,0.7217,-1,-1,-1
54,12,1325.67,80.46,76.44,67.77,0.7019,-1,-1,-1
54,6,1528.67,54.46,70.28,69.61,0.7802,-1,-1,-1
54,3,1235.01,48.82,64.19,58.56,0.8219,-1,-1,-1
55,31,1344.52,445.02,106.38,105.06,0.5081,-1,-1,-1
55,30,1167.05,271.48,61.70,52.90,0.6347,-1,-1,-1
55,24,1081.38,164.84,96.72,92.62,0.7591,-1,-1,-1
55,23,771.60,467.05,67.54,63.19,0.7335,-1,-1,-1
55,19,1191.26,193.86,71.73,78.37,0.7217,-1,-1,-1
55,18,560.56,663.35,99.03,93.55,0.7341,-1,-1,-1
55,12,1322.67,76.35,78.07,66.15,0.7019,-1,-1,-1
55,6,1529.56,51.91,67.05,65.55,0.7802,-1,-1,-1
55,3,1232.29,45.59,68.29,60.35,0.8219,-1,-1,-1
56,31,1351.73,431.01,105.65,103.27,0.5081,-1,-1,-1
56,24,1079.63,151.28,97.33,93.10,0.7591,-1,-1,-1
56,23,763.90,465.16,68.26,65.60,0.7335,-1,-1,-1
56,22,1306.84,155.84,80.06,72.83,0.6851,-1,-1,-1
56,19,1192.50,192.27,68.28,70.66,0.7217,-1,-1,-1
56,18,557.71,688.03,94.72,93.17,0.7341,-1,-1,-1
56,12,1322.35,71.58,74.91,66.04,0.7019,-1,-1,-1
56,6,1527.88,48.83,67.18,65.83,0.7802,-1,-1,-1
56,3,1232.02,43.58,65.08,60.35,0.8219,-1,-1,-1
57,31,1371.75,404.12,109.47,102.08,0.5081,-1,-1,-1
57,30,1165.22,254.06,58.01,54.62,0.6347,-1,-1,-1
57,24,1076.24,131.87,94.26,88.37,0.7591,-1,-1,-1
57,23,751.57,466.90,67.56,67.40,0.7335,-1,-1,-1
57,22,1297.40,138.85,83.47,76.76,0.6851,-1,-1,-1
57,21,1155.57,670.15,93.57,93.10,0.7141,-1,-1,-1
57,19,1187.82,180.41,70.27,65.38,0.7217,-1,-1,-1
57,12,1319.41,64.45,75.03,66.80,0.7019,-1,-1,-1
57,10,1221.39,300.86,102.36,97.86,0.5275,-1,-1,-1
57,6,1522.94,41.58,71.66,68.16,0.7802,-1,-1,-1
57,3,1229.98,40.97,64.48,60.32,0.8219,-1,-1,-1
58,31,1380.86,390.63,106.27,104.64,0.5081,-1,-1,-1
58,29,1238.08,86.87,59.59,54.69,0.6423,-1,-1,-1
58,24,1075.34,118.48,93.90,90.39,0.7591,-1,-1,-1
58,23,747.93,468.22,68.22,65.81,0.7335,-1,-1,-1
58,22,1296.39,134.91,83.70,72.18,0.6851,-1,-1,-1
58,19,1189.97,174.61,66.00,62.54,0.7217,-1,-1,-1
58,12,1317.77,60.23,77.13,67.49,0.7019,-1,-1,-1
58,10,1219.74,298.02,101.09,99.23,0.5275,-1,-1,-1
58,6,1520.61,38.40,73.23,68.79,0.7802,-1,-1,-1
59,31,1391.57,378.96,104.33,103.16,0.5081,-1,-1,-1
59,30,1162.68,242.12,57.82,58.60,0.6347,-1,-1,-1
59,24,1072.30,104.71,96.29,97.80,0.7591,-1,-1,-1
59,23,742.45,468.94,67.99,64.39,0.7335,-1,-1,-1
59,22,1290.94,128.67,85.37,72.01,0.6851,-1,-1,-1
59,21,1158.52,626.74,91.78,93.58,0.7141,-1,-1,-1
59,19,1186.38,166.89,67.59,64.32,0.7217,-1,-1,-1
59,18,553.62,678.56,90.79,90.27,0.7341,-1,-1,-1
59,12,1316.44,58.59,76.39,63.60,0.7019,-1,-1,-1
59,10,1215.85,293.71,102.22,99.85,0.5275,-1,-1,-1
59,6,1520.55,36.96,72.92,65.35,0.7802,-1,-1,-1
60,31,1400.34,367.84,104.73,99.92,0.5081,-1,-1,-1
60,30,1164.87,238.13,54.12,56.85,0.6347,-1,-1,-1
60,29,1233.77,84.55,60.81,54.80,0.6423,-1,-1,-1
60,24,1069.42,96.79,98.06,93.69,0.7591,-1,-1,-1
60,23,737.01,469.31,70.06,64.24,0.7335,-1,-1,-1
60,21,1161.02,610.44,91.55,94.70,0.7141,-1,-1,-1
60,19,1186.04,159.41,66.34,68.50,0.7217,-1,-1,-1
60,12,1316.12,52.79,74.95,66.47,0.7019,-1,-1,-1
60,10,1213.45,290.19,101.99,99.42,0.5275,-1,-1,-1
60,6,1523.42,36.02,69.56,63.10,0.7802,-1,-1,-1
61,31,1411.80,355.56,100.78,99.35,0.5081,-1,-1,-1
61,30,1162.65,234.69,54.48,53.58,0.6347,-1,-1,-1
61,29,1234.52,82.70,56.77,55.93,0.6423,-1,-1,-1
61,24,1065.82,87.53,97.08,93.97,0.7591,-1,-1,-1
61,23,732.28,469.94,67.53,63.50,0.7335,-1,-1,-1
61,22,1290.83,117.86,74.91,69.86,0.6851,-1,-1,-1
61,21,1161.54,589.15,91.80,96.19,0.7141,-1,-1,-1
61,19,1185.64,153.80,67.27,70.03,0.7217,-1,-1,-1
61,12,1315.93,48.61,70.81,64.73,0.7019,-1,-1,-1
61,10,1208.97,285.94,106.04,102.27,0.5275,-1,-1,-1
61,6,1522.68,34.53,67.73,61.01,0.7802,-1,-1,-1
62,31,1419.71,344.47,103.17,99.09,0.5081,-1,-1,-1
62,30,1156.80,228.55,58.95,56.34,0.6347,-1,-1,-1
62,29,1232.81,82.97,56.93,52.23,0.6423,-1,-1,-1
62,24,1063.47,79.91,95.68,89.33,0.7591,-1,-1,-1
62,23,724.87,471.18,71.92,63.17,0.7335,-1,-1,-1
62,22,1288.38,112.85,74.69,70.05,0.6851,-1,-1,-1
62,19,1184.86,144.05,67.74,75.09,0.7217,-1,-1,-1
62,12,1314.86,45.25,70.82,65.68,0.7019,-1,-1,-1
62,10,1207.48,283.37,105.87,101.92,0.5275,-1,-1,-1
62,6,1521.26,30.80,68.61,61.10,0.7802,-1,-1,-1
63,31,1428.89,330.85,102.49,100.04,0.5081,-1,-1,-1
63,29,1234.45,81.75,53.26,51.73,0.6423,-1,-1,-1
63,24,1060.90,70.43,96.28,89.45,0.7591,-1,-1,-1
63,23,717.89,471.60,73.10,65.15,0.7335,-1,-1,-1
63,22,1287.41,108.12,74.10,69.53,0.6851,-1,-1,-1
63,19,1185.58,137.09,65.15,74.72,0.7217,-1,-1,-1
63,12,1313.97,41.51,71.58,67.51,0.7019,-1,-1,-1
63,10,1203.79,278.50,106.18,105.74,0.5275,-1,-1,-1
63,6,1520.25,28.73,68.59,60.72,0.7802,-1,-1,-1
64,31,1437.96,320.15,101.22,99.42,0.5081,-1,-1,-1
64,30,1156.05,223.15,56.24,53.58,0.6347,-1,-1,-1
64,29,1232.16,80.68,57.14,51.97,0.6423,-1,-1,-1
64,24,1059.02,60.70,96.38,91.78,0.7591,-1,-1,-1
64,23,714.20,474.30,70.27,63.41,0.7335,-1,-1,-1
64,22,1285.91,103.78,73.09,69.14,0.6851,-1,-1,-1
64,19,1184.95,133.20,63.63,58.74,0.7217,-1,-1,-1
64,12,1312.56,39.44,72.89,67.10,0.7019,-1,-1,-1
64,10,1199.73,276.71,107.15,106.53,0.5275,-1,-1,-1
64,6,1518.68,25.24,70.72,61.13,0.7802,-1,-1,-1
64,3,1222.73,31.93,61.51,55.32,0.8219,-1,-1,-1
65,32,554.67,586.45,88.28,94.12,0.6561,-1,-1,-1
65,31,1445.65,309.03,104.60,98.36,0.5081,-1,-1,-1
65,30,1157.19,219.46,54.68,52.48,0.6347,-1,-1,-1
65,29,1229.02,79.54,59.20,52.70,0.6423,-1,-1,-1
65,24,1056.61,52.84,95.61,90.76,0.7591,-1,-1,-1
65,23,708.84,474.59,66.78,64.11,0.7335,-1,-1,-1
65,19,1184.45,125.93,64.03,59.09,0.7217,-1,-1,-1
65,12,1309.82,36.49,74.37,65.53,0.7019,-1,-1,-1
65,10,1198.08,275.37,104.55,105.35,0.5275,-1,-1,-1
65,6,1518.28,21.44,71.38,62.97,0.7802,-1,-1,-1
65,3,1221.09,30.99,61.86,55.82,0.8219,-1,-1,-1
66,32,557.13,571.75,85.81,86.94,0.6561,-1,-1,-1
66,31,1456.13,296.70,103.19,100.91,0.5081,-1,-1,-1
66,30,1157.21,216.99,52.49,48.38,0.6347,-1,-1,-1
66,24,1050.92,43.48,98.94,90.27,0.7591,-1,-1,-1
66,23,704.05,474.71,67.42,65.23,0.7335,-1,-1,-1
66,19,1181.64,118.06,66.89,61.69,0.7217,-1,-1,-1
66,12,1309.21,36.16,73.17,62.93,0.7019,-1,-1,-1
66,10,1193.57,271.80,110.22,107.66,0.5275,-1,-1,-1
66,6,1518.13,17.52,74.37,65.50,0.7802,-1,-1,-1
66,3,1219.26,30.38,63.43,54.93,0.8219,-1,-1,-1
67,32,557.74,562.73,84.13,82.20,0.6561,-1,-1,-1
67,31,1464.38,286.68,104.70,100.57,0.5081,-1,-1,-1
67,24,1045.40,35.19,102.13,90.63,0.7591,-1,-1,-1
67,23,701.14,477.27,64.58,62.41,0.7335,-1,-1,-1
67,22,1276.34,89.44,75.57,68.05,0.6851,-1,-1,-1
67,19,1181.05,111.92,66.91,61.78,0.7217,-1,-1,-1
67,12,1309.25,34.79,71.88,61.59,0.7019,-1,-1,-1
67,10,1189.25,270.03,113.61,107.38,0.5275,-1,-1,-1
67,6,1516.08,16.81,74.25,62.56,0.7802,-1,-1,-1
67,3,1219.22,27.45,60.94,56.72,0.8219,-1,-1,-1
68,33,1165.18,167.25,66.60,49.05,0.7747,-1,-1,-1
68,32,556.97,549.10,83.45,83.75,0.6561,-1,-1,-1
68,31,1470.36,276.27,106.31,102.12,0.5081,-1,-1,-1
68,24,1046.33,31.87,99.47,84.95,0.7591,-1,-1,-1
68,23,697.25,478.38,64.45,61.72,0.7335,-1,-1,-1
68,22,1276.41,84.77,74.48,67.72,0.6851,-1,-1,-1
68,19,1180.85,107.63,64.60,58.81,0.7217,-1,-1,-1
68,12,1307.73,31.24,72.76,61.10,0.7019,-1,-1,-1
68,10,1183.73,267.37,117.38,109.50,0.5275,-1,-1,-1
68,6,1519.02,12.99,73.85,65.13,0.7802,-1,-1,-1
68,5,1193.20,498.35,179.76,296.30,0.7978,-1,-1,-1
68,3,1218.55,26.18,60.32,56.73,0.8219,-1,-1,-1
69,35,1170.02,454.61,91.71,90.75,0.7865,-1,-1,-1
69,33,1163.67,166.01,63.55,48.87,0.7747,-1,-1,-1
69,31,1481.71,265.29,103.37,101.13,0.5081,-1,-1,-1
69,30,1152.43,206.00,51.36,47.37,0.6347,-1,-1,-1
69,24,1048.21,24.74,95.07,85.15,0.7591,-1,-1,-1
69,23,692.94,481.57,65.07,58.69,0.7335,-1,-1,-1
69,22,1275.72,82.33,72.67,65.83,0.6851,-1,-1,-1
69,12,1307.84,27.49,70.85,62.48,0.7019,-1,-1,-1
69,10,1177.94,263.76,121.11,112.93,0.5275,-1,-1,-1
69,6,1517.83,10.00,75.28,65.42,0.7802,-1,-1,-1
69,5,1192.66,496.93,175.68,298.41,0.7978,-1,-1,-1
69,3,1217.04,25.57,61.35,56.86,0.8219,-1,-1,-1
70,33,1162.20,164.70,64.22,49.90,0.7747,-1,-1,-1
70,32,557.86,519.76,82.94,80.79,0.6561,-1,-1,-1
70,31,1488.29,254.16,105.28,101.74,0.5081,-1,-1,-1
70,30,1151.37,202.48,51.87,47.48,0.6347,-1,-1,-1
70,29,1223.35,79.90,53.28,50.28,0.6423,-1,-1,-1
70,24,1046.71,16.00,93.76,85.33,0.7591,-1,-1,-1
70,23,690.73,484.80,62.49,57.37,0.7335,-1,-1,-1
70,22,1274.19,77.42,72.71,65.04,0.6851,-1,-1,-1
70,19,1178.26,94.42,64.36,60.05,0.7217,-1,-1,-1
70,12,1307.02,25.01,70.08,63.44,0.7019,-1,-1,-1
70,10,1177.60,262.28,118.96,112.02,0.5275,-1,-1,-1
70,6,1518.63,8.52,74.04,64.41,0.7802,-1,-1,-1
70,5,1194.53,495.17,171.59,299.26,0.7978,-1,-1,-1
70,3,1217.36,24.17,59.83,56.78,0.8219,-1,-1,-1
71,35,1172.36,422.70,88.58,91.37,0.7865,-1,-1,-1
71,33,1157.84,163.86,67.22,51.41,0.7747,-1,-1,-1
71,32,558.87,507.99,82.04,81.66,0.6561,-1,-1,-1
71,31,1500.77,245.56,99.68,97.93,0.5081,-1,-1,-1
71,24,1043.11,9.03,98.13,85.57,0.7591,-1,-1,-1
71,23,684.18,484.69,62.21,59.84,0.7335,-1,-1,-1
71,22,1274.26,73.74,69.03,63.57,0.6851,-1,-1,-1
71,19,1177.43,88.45,65.45,59.03,0.7217,-1,-1,-1
71,12,1305.80,23.12,70.05,62.88,0.7019,-1,-1,-1
71,10,1174.87,262.63,117.42,111.09,0.5275,-1,-1,-1
71,6,1518.35,8.03,73.20,63.97,0.7802,-1,-1,-1
71,5,1195.61,493.71,168.20,299.69,0.7978,-1,-1,-1
71,3,1215.84,23.75,59.84,56.07,0.8219,-1,-1,-1
72,35,1172.07,407.66,88.69,87.52,0.7865,-1,-1,-1
72,33,1162.59,164.37,60.64,48.85,0.7747,-1,-1,-1
72,32,556.92,495.87,82.89,82.14,0.6561,-1,-1,-1
72,31,1507.61,234.13,101.48,100.23,0.5081,-1,-1,-1
72,24,1041.27,4.05,98.79,85.50,0.7591,-1,-1,-1
72,23,679.31,486.88,58.79,60.04,0.7335,-1,-1,-1
72,22,1272.45,69.82,66.33,63.94,0.6851,-1,-1,-1
72,19,1177.30,84.60,64.89,57.79,0.7217,-1,-1,-1
72,12,1305.08,22.15,70.27,62.30,0.7019,-1,-1,-1
72,10,1169.35,261.19,120.28,113.14,0.5275,-1,-1,-1
72,6,1518.33,6.77,74.02,62.77,0.7802,-1,-1,-1
72,5,1195.19,492.77,166.98,300.19,0.7978,-1,-1,-1
72,3,1213.93,23.40,61.14,55.14,0.8219,-1,-1,-1
73,35,1172.50,392.84,89.08,91.04,0.7865,-1,-1,-1
73,32,557.30,484.53,83.11,77.84,0.6561,-1,-1,-1
73,31,1518.37,225.92,101.63,98.79,0.5081,-1,-1,-1
73,24,1039.76,0.59,99.46,82.90,0.7591,-1,-1,-1
73,23,675.78,489.73,57.19,59.10,0.7335,-1,-1,-1
73,22,1271.70,66.82,66.15,63.59,0.6851,-1,-1,-1
73,12,1304.22,20.92,70.60,62.28,0.7019,-1,-1,-1
73,10,1166.25,257.68,121.17,117.14,0.5275,-1,-1,-1
73,6,1517.66,5.88,73.06,63.00,0.7802,-1,-1,-1
73,5,1193.96,493.23,162.64,298.92,0.7978,-1,-1,-1
73,3,1213.02,23.33,61.07,55.51,0.8219,-1,-1,-1
74,35,1173.74,380.00,87.78,87.24,0.7865,-1,-1,-1
74,32,557.28,472.81,82.44,77.53,0.6561,-1,-1,-1
74,31,1528.50,215.99,97.69,97.94,0.5081,-1,-1,-1
74,24,1039.03,0.00,94.85,75.79,0.7591,-1,-1,-1
74,23,671.20,491.86,55.88,59.48,0.7335,-1,-1,-1
74,22,1266.76,62.67,70.98,63.21,0.6851,-1,-1,-1
74,12,1300.86,18.63,74.40,64.47,0.7019,-1,-1,-1
74,10,1164.17,255.95,119.69,118.03,0.5275,-1,-1,-1
74,6,1517.33,4.49,72.93,62.95,0.7802,-1,-1,-1
75,35,1174.36,368.03,88.18,83.65,0.7865,-1,-1,-1
75,32,557.53,460.38,84.12,77.80,0.6561,-1,-1,-1
75,31,1533.54,204.84,99.72,101.01,0.5081,-1,-1,-1
75,24,1036.63,0.00,92.30,68.05,0.7591,-1,-1,-1
75,23,665.25,496.90,59.65,58.32,0.7335,-1,-1,-1
75,22,1266.12,60.41,69.87,64.12,0.6851,-1,-1,-1
75,12,1300.82,16.18,74.78,64.11,0.7019,-1,-1,-1
75,6,1517.99,3.93,70.22,61.83,0.7802,-1,-1,-1
75,5,1186.74,488.39,163.67,303.45,0.7978,-1,-1,-1
76,32,559.03,447.13,81.81,80.27,0.6561,-1,-1,-1
76,31,1541.11,196.32,101.98,101.03,0.5081,-1,-1,-1
76,29,1173.61,63.59,93.93,64.20,0.6423,-1,-1,-1
76,24,1036.86,0.00,88.77,61.90,0.7591,-1,-1,-1
76,23,662.02,498.17,58.92,60.31,0.7335,-1,-1,-1
76,22,1264.14,57.24,70.33,62.55,0.6851,-1,-1,-1
76,12,1300.88,16.06,72.41,62.85,0.7019,-1,-1,-1
76,6,1517.29,3.26,68.73,60.37,0.7802,-1,-1,-1
76,5,1184.44,489.09,166.61,302.01,0.7978,-1,-1,-1
77,32,557.87,436.31,81.74,79.26,0.6561,-1,-1,-1
77,31,1552.41,187.82,101.60,103.05,0.5081,-1,-1,-1
77,29,1174.55,60.45,73.41,61.23,0.6423,-1,-1,-1
77,24,1037.23,0.08,84.08,54.03,0.7591,-1,-1,-1
77,23,658.95,501.44,57.40,60.30,0.7335,-1,-1,-1
77,12,1299.90,14.69,70.88,61.65,0.7019,-1,-1,-1
77,6,1517.89,2.60,68.61,60.32,0.7802,-1,-1,-1
78,32,559.26,426.35,80.96,76.63,0.6561,-1,-1,-1
78,31,1559.51,178.86,105.20,103.75,0.5081,-1,-1,-1
78,24,1035.94,0.61,82.94,46.23,0.7591,-1,-1,-1
78,23,656.04,502.16,55.92,59.56,0.7335,-1,-1,-1
78,12,1299.51,14.46,69.55,60.91,0.7019,-1,-1,-1
78,6,1517.43,1.70,67.99,59.68,0.7802,-1,-1,-1
79,32,558.56,415.17,80.12,76.85,0.6561,-1,-1,-1
79,31,1569.92,171.74,104.67,99.90,0.5081,-1,-1,-1
79,24,1033.67,1.01,82.46,40.08,0.7591,-1,-1,-1
79,12,1297.84,13.16,70.31,59.92,0.7019,-1,-1,-1
79,6,1516.72,1.55,69.21,58.94,0.7802,-1,-1,-1
80,32,561.69,403.55,77.57,78.29,0.6561,-1,-1,-1
80,31,1578.71,162.95,102.96,100.60,0.5081,-1,-1,-1
80,22,1256.22,40.29,73.77,67.42,0.6851,-1,-1,-1
80,19,1210.89,84.64,51.71,45.51,0.7217,-1,-1,-1
80,12,1295.41,11.94,70.27,59.36,0.7019,-1,-1,-1
80,6,1516.46,0.76,70.62,58.89,0.7802,-1,-1,-1
81,32,559.63,394.23,80.10,77.34,0.6561,-1,-1,-1
81,31,1586.90,153.67,101.38,102.45,0.5081,-1,-1,-1
81,22,1255.20,38.60,75.74,66.06,0.6851,-1,-1,-1
81,19,1210.50,83.42,51.36,47.71,0.7217,-1,-1,-1
81,12,1293.95,11.71,71.65,58.59,0.7019,-1,-1,-1
81,6,1516.58,1.45,68.74,56.75,0.7802,-1,-1,-1
82,32,559.29,373.91,80.73,74.78,0.6561,-1,-1,-1
82,31,1604.19,139.84,102.81,101.78,0.5081,-1,-1,-1
82,22,1251.06,36.31,74.02,61.92,0.6851,-1,-1,-1
82,19,1207.46,86.77,51.50,46.56,0.7217,-1,-1,-1
82,12,1293.21,9.43,69.49,58.13,0.7019,-1,-1,-1
82,10,1123.96,258.53,135.99,133.69,0.5275,-1,-1,-1
82,6,1516.48,0.80,68.61,57.12,0.7802,-1,-1,-1
83,32,557.37,366.76,82.74,72.81,0.6561,-1,-1,-1
83,31,1612.97,132.83,105.27,102.70,0.5081,-1,-1,-1
83,22,1250.64,35.83,72.40,60.15,0.6851,-1,-1,-1
83,19,1205.54,87.44,52.68,47.61,0.7217,-1,-1,-1
83,12,1293.38,8.28,67.80,57.30,0.7019,-1,-1,-1
83,10,1120.43,261.14,140.64,133.07,0.5275,-1,-1,-1
83,6,1516.83,0.63,69.17,57.03,0.7802,-1,-1,-1
84,33,1162.43,153.48,53.48,46.45,0.7747,-1,-1,-1
84,32,561.85,355.81,79.48,74.56,0.6561,-1,-1,-1
84,31,1620.83,126.73,102.44,101.59,0.5081,-1,-1,-1
84,19,1203.98,88.21,52.16,47.65,0.7217,-1,-1,-1
84,12,1291.20,9.03,68.76,56.93,0.7019,-1,-1,-1
84,10,1114.38,256.37,145.47,142.35,0.5275,-1,-1,-1
84,6,1515.73,0.61,70.05,55.07,0.7802,-1,-1,-1
85,33,1161.55,153.70,53.24,44.22,0.7747,-1,-1,-1
85,32,562.56,346.48,78.30,75.22,0.6561,-1,-1,-1
85,31,1626.32,120.13,108.64,99.54,0.5081,-1,-1,-1
85,22,1248.08,34.01,67.22,57.47,0.6851,-1,-1,-1
85,19,1203.21,89.76,51.57,47.41,0.7217,-1,-1,-1
85,12,1290.88,8.38,68.22,55.93,0.7019,-1,-1,-1
85,10,1109.10,241.50,150.16,161.48,0.5275,-1,-1,-1
85,6,1516.17,0.29,70.28,54.89,0.7802,-1,-1,-1
86,35,1178.23,231.15,82.40,73.80,0.7865,-1,-1,-1
86,33,1159.98,153.37,55.55,43.36,0.7747,-1,-1,-1
86,32,565.36,338.58,75.14,72.81,0.6561,-1,-1,-1
86,31,1636.09,113.69,104.02,98.87,0.5081,-1,-1,-1
86,23,612.49,529.75,60.53,55.87,0.7335,-1,-1,-1
86,12,1288.80,7.06,70.21,56.59,0.7019,-1,-1,-1
86,10,1102.57,267.22,143.18,140.67,0.5275,-1,-1,-1
86,6,1517.29,0.00,70.16,56.92,0.7802,-1,-1,-1
87,35,1176.96,223.69,83.28,75.08,0.7865,-1,-1,-1
87,33,1159.49,153.62,56.17,43.48,0.7747,-1,-1,-1
87,32,562.94,329.69,79.29,73.55,0.6561,-1,-1,-1
87,31,1646.87,106.71,101.51,101.86,0.5081,-1,-1,-1
87,23,609.56,532.79,57.06,57.46,0.7335,-1,-1,-1
87,19,1201.19,92.01,50.27,47.34,0.7217,-1,-1,-1
87,12,1286.16,7.16,72.01,55.98,0.7019,-1,-1,-1
87,10,1096.80,272.12,146.32,142.35,0.5275,-1,-1,-1
87,6,1517.55,0.00,72.47,56.71,0.7802,-1,-1,-1
87,5,1159.08,481.40,177.18,313.02,0.7978,-1,-1,-1
87,3,1168.34,20.38,86.86,62.40,0.8219,-1,-1,-1
88,35,1180.14,213.43,81.03,78.06,0.7865,-1,-1,-1
88,33,1160.35,154.10,54.07,42.48,0.7747,-1,-1,-1
88,32,563.58,323.25,78.46,72.98,0.6561,-1,-1,-1
88,31,1650.75,98.89,108.36,105.93,0.5081,-1,-1,-1
88,19,1200.00,92.27,51.24,48.27,0.7217,-1,-1,-1
88,12,1286.85,7.20,69.37,56.18,0.7019,-1,-1,-1
88,10,1092.50,276.83,143.30,144.01,0.5275,-1,-1,-1
88,6,1516.28,0.00,72.04,54.25,0.7802,-1,-1,-1
88,5,1162.04,481.42,175.35,313.34,0.7978,-1,-1,-1
88,3,1167.78,17.87,88.22,65.46,0.8219,-1,-1,-1
89,35,1179.25,205.04,81.31,76.71,0.7865,-1,-1,-1
89,33,1159.16,153.19,55.38,44.34,0.7747,-1,-1,-1
89,32,563.72,317.02,78.74,72.74,0.6561,-1,-1,-1
89,31,1662.85,92.66,104.68,107.22,0.5081,-1,-1,-1
89,12,1286.18,6.90,69.84,56.23,0.7019,-1,-1,-1
89,10,1087.35,278.46,146.79,149.95,0.5275,-1,-1,-1
89,6,1516.69,0.02,69.91,53.94,0.7802,-1,-1,-1
89,5,1162.66,481.40,170.94,313.18,0.7978,-1,-1,-1
90,35,1179.61,194.38,80.94,80.34,0.7865,-1,-1,-1
90,33,1158.45,152.84,56.86,44.46,0.7747,-1,-1,-1
90,32,565.34,309.76,75.29,70.21,0.6561,-1,-1,-1
90,31,1667.29,86.41,110.28,107.51,0.5081,-1,-1,-1
90,12,1284.62,7.02,71.90,55.97,0.7019,-1,-1,-1
90,10,1080.71,281.62,149.98,153.16,0.5275,-1,-1,-1
90,6,1517.75,0.11,69.78,54.28,0.7802,-1,-1,-1
90,5,1172.55,481.19,159.68,312.78,0.7978,-1,-1,-1
91,35,1180.71,186.98,80.60,76.73,0.7865,-1,-1,-1
91,33,1159.18,153.16,55.26,43.82,0.7747,-1,-1,-1
91,32,565.56,300.31,75.76,73.10,0.6561,-1,-1,-1
91,31,1671.89,81.55,113.27,108.44,0.5081,-1,-1,-1
91,19,1195.19,96.08,53.44,49.94,0.7217,-1,-1,-1
91,12,1285.28,6.34,70.87,57.48,0.7019,-1,-1,-1
91,6,1517.84,0.00,70.82,56.18,0.7802,-1,-1,-1
91,5,1172.89,481.58,159.49,311.47,0.7978,-1,-1,-1
92,35,1178.71,179.53,81.53,75.73,0.7865,-1,-1,-1
92,32,566.85,293.93,75.05,71.80,0.6561,-1,-1,-1
92,31,1682.07,77.62,107.40,102.00,0.5081,-1,-1,-1
92,19,1194.18,94.81,54.21,52.17,0.7217,-1,-1,-1
92,10,1067.91,292.60,156.29,156.26,0.5275,-1,-1,-1
92,6,1518.03,0.00,69.56,56.91,0.7802,-1,-1,-1
92,5,1175.13,481.09,154.02,312.66,0.7978,-1,-1,-1
93,35,1179.38,171.04,81.11,74.47,0.7865,-1,-1,-1
93,32,569.16,287.31,73.30,71.45,0.6561,-1,-1,-1
93,31,1691.07,71.99,107.30,103.23,0.5081,-1,-1,-1
93,10,1061.40,299.11,158.34,155.81,0.5275,-1,-1,-1
93,6,1518.54,0.00,68.91,57.20,0.7802,-1,-1,-1
93,5,1178.24,480.75,151.24,311.90,0.7978,-1,-1,-1
94,35,1177.76,162.55,81.94,77.24,0.7865,-1,-1,-1
94,32,567.35,278.63,76.34,73.34,0.6561,-1,-1,-1
94,31,1700.19,66.84,108.61,101.21,0.5081,-1,-1,-1
94,12,1284.16,4.59,70.31,60.26,0.7019,-1,-1,-1
94,10,1054.22,305.73,159.32,159.73,0.5275,-1,-1,-1
94,6,1517.99,0.00,71.11,57.85,0.7802,-1,-1,-1
94,5,1175.42,482.45,152.71,311.14,0.7978,-1,-1,-1
95,35,1176.44,157.12,83.32,74.49,0.7865,-1,-1,-1
95,32,566.62,272.68,78.77,74.47,0.6561,-1,-1,-1
95,31,1707.71,61.29,109.43,102.53,0.5081,-1,-1,-1
95,12,1283.08,5.77,70.07,58.49,0.7019,-1,-1,-1
95,10,1046.26,310.46,159.53,165.26,0.5275,-1,-1,-1
95,6,1518.68,0.00,69.73,57.75,0.7802,-1,-1,-1
95,5,1178.94,483.42,147.11,309.73,0.7978,-1,-1,-1
95,3,1162.37,1.54,65.12,53.13,0.8219,-1,-1,-1
96,35,1174.22,150.59,84.73,73.26,0.7865,-1,-1,-1
96,32,564.80,265.66,82.93,75.25,0.6561,-1,-1,-1
96,31,1715.07,56.81,111.42,102.57,0.5081,-1,-1,-1
96,12,1282.90,6.56,70.27,58.30,0.7019,-1,-1,-1
96,10,1040.40,319.93,159.83,167.01,0.5275,-1,-1,-1
96,6,1518.79,0.00,70.01,58.09,0.7802,-1,-1,-1
96,5,1177.30,485.30,145.41,307.09,0.7978,-1,-1,-1
97,35,1180.27,144.55,78.16,72.24,0.7865,-1,-1,-1
97,32,566.10,262.14,78.07,72.82,0.6561,-1,-1,-1
97,31,1723.30,52.40,112.16,101.68,0.5081,-1,-1,-1
97,12,1282.23,8.49,70.13,56.54,0.7019,-1,-1,-1
97,10,1027.12,328.79,168.57,169.81,0.5275,-1,-1,-1
97,6,1519.19,0.00,70.53,58.76,0.7802,-1,-1,-1
97,5,1176.69,485.93,143.68,304.90,0.7978,-1,-1,-1
98,35,1171.96,135.18,87.61,73.95,0.7865,-1,-1,-1
98,32,565.02,253.52,79.18,73.36,0.6561,-1,-1,-1
98,31,1731.95,47.41,110.95,103.49,0.5081,-1,-1,-1
98,29,1190.40,38.65,61.98,54.45,0.6423,-1,-1,-1
98,22,1232.86,14.97,62.99,59.58,0.6851,-1,-1,-1
98,12,1281.84,9.46,69.34,55.86,0.7019,-1,-1,-1
98,10,1018.25,336.36,170.84,175.75,0.5275,-1,-1,-1
98,6,1519.26,0.00,70.65,59.41,0.7802,-1,-1,-1
98,3,1159.82,0.00,63.53,48.58,0.8219,-1,-1,-1
99,35,1173.10,131.79,85.71,71.84,0.7865,-1,-1,-1
99,32,567.05,250.46,77.09,71.83,0.6561,-1,-1,-1
99,31,1741.99,42.58,111.47,103.42,0.5081,-1,-1,-1
99,29,1191.14,40.48,60.44,56.04,0.6423,-1,-1,-1
99,10,1005.57,346.17,180.12,180.81,0.5275,-1,-1,-1
99,6,1519.53,0.17,69.36,59.82,0.7802,-1,-1,-1
99,3,1158.13,0.00,64.19,46.32,0.8219,-1,-1,-1
100,35,1172.93,119.14,86.25,77.88,0.7865,-1,-1,-1
100,32,567.76,243.92,74.85,72.56,0.6561,-1,-1,-1
100,31,1752.14,39.71,108.41,104.13,0.5081,-1,-1,-1
100,10,997.91,357.74,182.31,179.09,0.5275,-1,-1,-1
100,6,1519.74,0.53,69.45,60.32,0.7802,-1,-1,-1
100,3,1157.08,0.00,64.77,44.75,0.8219,-1,-1,-1
101,35,1175.14,115.14,85.48,76.88,0.7865,-1,-1,-1
101,32,567.60,237.88,74.50,72.78,0.6561,-1,-1,-1
101,31,1761.50,37.39,107.15,102.80,0.5081,-1,-1,-1
101,10,988.14,369.28,184.72,185.22,0.5275,-1,-1,-1
101,6,1519.47,0.64,69.98,60.61,0.7802,-1,-1,-1
101,3,1156.89,0.00,63.55,41.69,0.8219,-1,-1,-1
102,35,1178.74,109.70,80.26,73.49,0.7865,-1,-1,-1
102,32,568.51,231.96,74.28,71.50,0.6561,-1,-1,-1
102,31,1770.04,33.94,107.48,102.47,0.5081,-1,-1,-1
102,10,979.79,382.13,185.25,192.05,0.5275,-1,-1,-1
102,6,1520.00,2.77,68.80,59.08,0.7802,-1,-1,-1
103,35,1178.64,105.06,80.57,72.59,0.7865,-1,-1,-1
103,32,568.25,227.87,75.89,71.56,0.6561,-1,-1,-1
103,31,1777.42,32.62,105.79,101.94,0.5081,-1,-1,-1
103,10,968.07,396.05,193.34,196.00,0.5275,-1,-1,-1
103,6,1520.04,2.53,68.67,60.37,0.7802,-1,-1,-1
103,3,1157.40,0.00,60.43,39.20,0.8219,-1,-1,-1
104,35,1179.69,101.15,77.03,70.84,0.7865,-1,-1,-1
104,32,569.50,223.97,72.03,70.64,0.6561,-1,-1,-1
104,31,1790.23,29.50,104.50,101.16,0.5081,-1,-1,-1
104,12,1281.86,14.94,66.08,56.75,0.7019,-1,-1,-1
104,10,955.71,412.54,194.47,197.33,0.5275,-1,-1,-1
104,6,1520.82,1.84,69.11,62.01,0.7802,-1,-1,-1
104,3,1158.25,0.00,58.79,36.04,0.8219,-1,-1,-1
105,35,1180.19,96.24,76.72,76.29,0.7865,-1,-1,-1
105,32,569.47,217.74,72.45,72.04,0.6561,-1,-1,-1
105,31,1795.95,25.40,108.65,102.86,0.5081,-1,-1,-1
105,22,1225.09,12.85,63.68,57.41,0.6851,-1,-1,-1
105,12,1281.14,15.02,67.65,58.12,0.7019,-1,-1,-1
105,10,941.85,427.84,200.61,204.07,0.5275,-1,-1,-1
105,6,1521.14,4.95,67.33,60.56,0.7802,-1,-1,-1
105,3,1159.02,0.00,58.32,34.90,0.8219,-1,-1,-1
106,35,1181.80,90.97,74.80,71.17,0.7865,-1,-1,-1
106,33,1176.66,142.78,51.03,37.71,0.7747,-1,-1,-1
106,32,567.88,214.56,72.14,71.46,0.6561,-1,-1,-1
106,31,1806.22,24.66,105.95,99.53,0.5081,-1,-1,-1
106,12,1282.24,16.42,65.71,58.39,0.7019,-1,-1,-1
106,10,929.47,444.25,202.84,214.07,0.5275,-1,-1,-1
106,6,1523.43,5.95,64.85,61.22,0.7802,-1,-1,-1
106,3,1160.16,0.00,55.63,33.92,0.8219,-1,-1,-1
107,35,1182.50,75.85,75.52,74.11,0.7865,-1,-1,-1
107,33,1176.43,138.61,54.87,47.12,0.7747,-1,-1,-1
107,32,565.85,204.04,76.05,73.70,0.6561,-1,-1,-1
107,31,1824.49,19.88,95.51,100.56,0.5081,-1,-1,-1
107,22,1223.22,15.45,61.52,55.87,0.6851,-1,-1,-1
107,12,1281.66,19.09,62.58,58.58,0.7019,-1,-1,-1
107,10,900.08,484.49,214.99,218.53,0.5275,-1,-1,-1
108,35,1180.90,68.21,77.49,77.89,0.7865,-1,-1,-1
108,33,1173.99,139.22,57.18,51.78,0.7747,-1,-1,-1
108,32,566.28,202.33,74.14,71.56,0.6561,-1,-1,-1
108,31,1834.24,16.66,85.76,101.55,0.5081,-1,-1,-1
108,12,1281.71,19.63,61.29,59.44,0.7019,-1,-1,-1
108,10,884.72,507.00,221.92,223.95,0.5275,-1,-1,-1
108,6,1524.45,11.91,65.75,59.75,0.7802,-1,-1,-1
109,35,1180.46,68.15,78.67,74.08,0.7865,-1,-1,-1
109,33,1173.60,141.12,55.28,50.65,0.7747,-1,-1,-1
109,32,566.77,196.83,73.62,73.62,0.6561,-1,-1,-1
109,31,1844.63,15.35,75.37,101.92,0.5081,-1,-1,-1
109,12,1280.48,21.91,62.20,58.32,0.7019,-1,-1,-1
110,35,1179.34,65.73,79.76,71.76,0.7865,-1,-1,-1
110,32,568.10,194.53,70.88,72.48,0.6561,-1,-1,-1
110,31,1855.77,14.16,64.21,100.03,0.5081,-1,-1,-1
110,12,1278.97,23.62,62.69,58.69,0.7019,-1,-1,-1
111,35,1180.12,61.50,79.19,70.31,0.7865,-1,-1,-1
111,32,567.60,191.07,71.10,71.17,0.6561,-1,-1,-1
111,31,1867.68,11.68,52.16,102.53,0.5081,-1,-1,-1
111,12,1278.23,25.66,63.37,58.27,0.7019,-1,-1,-1
111,6,1527.36,14.41,62.73,62.38,0.7802,-1,-1,-1
112,35,1180.28,59.23,78.15,74.18,0.7865,-1,-1,-1
112,32,565.89,186.99,73.49,70.33,0.6561,-1,-1,-1
112,31,1876.60,10.80,43.33,103.45,0.5081,-1,-1,-1
112,12,1280.22,27.76,61.74,58.09,0.7019,-1,-1,-1
113,35,1180.65,55.94,77.82,79.68,0.7865,-1,-1,-1
113,33,1164.60,157.37,58.03,52.39,0.7747,-1,-1,-1
113,32,563.45,179.98,77.44,76.33,0.6561,-1,-1,-1
113,31,1887.54,11.01,32.41,99.26,0.5081,-1,-1,-1
113,12,1279.65,28.91,62.88,58.68,0.7019,-1,-1,-1
113,6,1529.99,19.35,61.40,61.74,0.7802,-1,-1,-1
114,32,563.40,180.48,75.79,74.46,0.6561,-1,-1,-1
115,12,1279.76,35.39,61.92,57.46,0.7019,-1,-1,-1
116,12,1278.28,37.92,61.35,57.17,0.7019,-1,-1,-1
117,12,1278.58,38.49,59.45,57.29,0.7019,-1,-1,-1
117,6,1532.51,31.59,60.09,59.38,0.7802,-1,-1,-1
117,5,1141.08,522.03,169.10,279.28,0.7978,-1,-1,-1
118,35,1184.36,26.69,86.72,76.78,0.7865,-1,-1,-1
118,5,1141.16,520.44,168.98,281.52,0.7978,-1,-1,-1
119,35,1184.92,28.29,84.71,72.25,0.7865,-1,-1,-1
119,32,564.97,167.71,67.76,66.51,0.6561,-1,-1,-1
119,6,1537.97,36.98,56.90,61.35,0.7802,-1,-1,-1
120,35,1183.60,27.85,87.28,71.42,0.7865,-1,-1,-1
120,32,563.45,167.12,69.44,66.75,0.6561,-1,-1,-1
120,12,1278.18,43.99,60.75,61.03,0.7019,-1,-1,-1
120,6,1541.08,41.19,55.70,57.04,0.7802,-1,-1,-1
120,5,1139.46,525.81,177.57,276.36,0.7978,-1,-1,-1
121,32,562.85,165.18,68.89,64.32,0.6561,-1,-1,-1
121,12,1276.88,47.22,61.90,60.84,0.7019,-1,-1,-1
121,6,1541.26,43.47,56.69,55.94,0.7802,-1,-1,-1
121,5,1138.91,527.76,180.52,274.22,0.7978,-1,-1,-1
122,32,562.04,164.27,70.47,63.57,0.6561,-1,-1,-1
122,19,1176.48,115.29,59.47,55.20,0.7217,-1,-1,-1
122,12,1276.47,51.09,62.12,60.29,0.7019,-1,-1,-1
122,6,1540.86,45.90,59.25,58.47,0.7802,-1,-1,-1
122,5,1139.31,528.11,172.95,272.78,0.7978,-1,-1,-1
123,36,593.26,496.55,300.24,288.60,0.5384,-1,-1,-1
123,32,558.33,160.04,75.86,67.09,0.6561,-1,-1,-1
123,19,1175.86,119.11,60.59,58.20,0.7217,-1,-1,-1
123,12,1276.03,53.41,63.03,60.88,0.7019,-1,-1,-1
123,6,1542.13,48.75,58.58,59.78,0.7802,-1,-1,-1
124,35,1183.57,19.26,85.92,71.84,0.7865,-1,-1,-1
124,32,557.42,158.77,75.78,67.12,0.6561,-1,-1,-1
124,12,1275.73,58.99,62.24,59.00,0.7019,-1,-1,-1
124,6,1542.92,51.34,59.89,59.75,0.7802,-1,-1,-1
125,35,1183.87,17.32,83.88,75.00,0.7865,-1,-1,-1
125,32,557.50,157.35,74.86,66.20,0.6561,-1,-1,-1
125,19,1174.65,128.16,61.59,56.10,0.7217,-1,-1,-1
125,12,1274.79,62.43,62.46,57.76,0.7019,-1,-1,-1
125,6,1543.97,53.32,60.69,59.97,0.7802,-1,-1,-1
126,36,522.14,381.24,311.26,310.66,0.5384,-1,-1,-1
126,35,1185.17,15.62,82.46,77.62,0.7865,-1,-1,-1
126,32,559.52,156.68,70.41,65.72,0.6561,-1,-1,-1
126,19,1174.01,134.11,62.62,55.37,0.7217,-1,-1,-1
126,12,1274.91,65.93,61.23,57.74,0.7019,-1,-1,-1
126,6,1545.34,58.72,61.62,59.50,0.7802,-1,-1,-1
127,36,498.78,343.33,317.52,309.14,0.5384,-1,-1,-1
127,35,1185.76,14.14,81.09,79.05,0.7865,-1,-1,-1
127,32,557.77,154.60,73.22,66.65,0.6561,-1,-1,-1
127,19,1173.04,137.95,63.83,57.53,0.7217,-1,-1,-1
127,12,1274.97,69.65,61.55,57.54,0.7019,-1,-1,-1
127,6,1547.08,61.89,60.89,61.39,0.7802,-1,-1,-1
128,35,1185.41,11.77,81.61,82.41,0.7865,-1,-1,-1
128,32,558.02,154.29,71.98,63.18,0.6561,-1,-1,-1
128,19,1174.06,142.56,61.84,56.25,0.7217,-1,-1,-1
128,12,1275.30,72.55,60.82,57.82,0.7019,-1,-1,-1
128,6,1549.33,65.05,59.33,61.21,0.7802,-1,-1,-1
129,36,449.04,263.65,327.37,320.40,0.5384,-1,-1,-1
129,35,1187.04,10.48,79.54,81.95,0.7865,-1,-1,-1
129,32,557.92,152.92,69.78,63.16,0.6561,-1,-1,-1
129,19,1171.82,147.42,61.74,57.63,0.7217,-1,-1,-1
129,12,1275.11,76.06,61.46,58.16,0.7019,-1,-1,-1
129,6,1550.75,68.87,58.41,60.58,0.7802,-1,-1,-1
130,36,426.28,224.17,330.26,327.22,0.5384,-1,-1,-1
130,32,555.60,152.34,71.59,60.17,0.6561,-1,-1,-1
130,19,1171.44,152.65,62.64,57.16,0.7217,-1,-1,-1
130,12,1275.16,80.81,61.36,56.52,0.7019,-1,-1,-1
130,6,1551.24,74.05,58.88,60.55,0.7802,-1,-1,-1
131,36,401.03,184.11,335.56,329.85,0.5384,-1,-1,-1
131,12,1273.04,84.42,64.36,57.05,0.7019,-1,-1,-1
131,6,1552.82,77.29,58.63,60.76,0.7802,-1,-1,-1
132,36,343.48,107.30,350.57,334.67,0.5384,-1,-1,-1
132,12,1272.72,91.75,64.06,57.11,0.7019,-1,-1,-1
132,6,1556.28,83.97,60.11,62.80,0.7802,-1,-1,-1
133,36,323.38,67.87,350.01,341.21,0.5384,-1,-1,-1
133,12,1273.06,95.94,63.00,59.17,0.7019,-1,-1,-1
133,6,1558.37,89.06,59.76,59.41,0.7802,-1,-1,-1
134,36,299.67,27.28,350.97,344.52,0.5384,-1,-1,-1
134,12,1273.27,100.33,62.64,58.16,0.7019,-1,-1,-1
134,6,1558.03,90.61,61.33,62.95,0.7802,-1,-1,-1
135,36,274.78,1.98,353.67,332.53,0.5384,-1,-1,-1
135,35,1195.24,61.10,67.60,57.58,0.7865,-1,-1,-1
135,19,1168.98,185.09,59.04,57.92,0.7217,-1,-1,-1
135,12,1274.74,105.87,59.18,55.50,0.7019,-1,-1,-1
135,6,1559.83,96.38,60.70,61.56,0.7802,-1,-1,-1
136,36,249.51,0.86,358.03,298.88,0.5384,-1,-1,-1
136,35,1192.99,63.74,68.32,56.54,0.7865,-1,-1,-1
136,22,1153.18,1.17,107.73,63.49,0.6851,-1,-1,-1
136,19,1165.74,190.63,62.35,61.78,0.7217,-1,-1,-1
136,12,1273.63,110.54,60.00,57.43,0.7019,-1,-1,-1
136,6,1560.95,99.76,60.61,60.67,0.7802,-1,-1,-1
137,36,224.13,0.02,359.17,266.04,0.5384,-1,-1,-1
137,35,1196.38,67.37,63.51,56.35,0.7865,-1,-1,-1
137,32,551.84,144.47,65.97,63.11,0.6561,-1,-1,-1
137,19,1165.79,197.76,60.47,64.92,0.7217,-1,-1,-1
137,12,1272.22,113.16,62.25,60.17,0.7019,-1,-1,-1
137,6,1563.42,106.21,58.83,59.77,0.7802,-1,-1,-1
137,5,1139.01,535.90,177.97,264.18,0.7978,-1,-1,-1
138,38,1499.17,0.00,79.72,47.62,0.6960,-1,-1,-1
138,36,199.77,2.00,359.47,230.32,0.5384,-1,-1,-1
138,35,1196.96,70.22,62.58,55.65,0.7865,-1,-1,-1
138,32,550.53,144.75,66.08,62.15,0.6561,-1,-1,-1
138,19,1165.25,204.66,60.95,65.66,0.7217,-1,-1,-1
138,12,1270.88,117.85,62.81,59.92,0.7019,-1,-1,-1
138,6,1564.19,108.85,59.83,62.44,0.7802,-1,-1,-1
139,38,1498.58,0.00,84.78,52.18,0.6960,-1,-1,-1
139,36,177.33,1.71,360.65,199.28,0.5384,-1,-1,-1
139,35,1197.34,75.48,61.12,54.37,0.7865,-1,-1,-1
139,32,549.83,144.65,64.72,62.09,0.6561,-1,-1,-1
139,19,1163.95,207.20,61.49,68.60,0.7217,-1,-1,-1
139,12,1273.17,121.57,60.50,58.77,0.7019,-1,-1,-1
139,6,1564.12,114.60,59.88,61.62,0.7802,-1,-1,-1
139,5,1139.25,535.86,178.63,262.82,0.7978,-1,-1,-1
140,39,1226.46,0.38,104.82,50.59,0.6351,-1,-1,-1
140,38,1501.18,0.00,86.89,59.87,0.6960,-1,-1,-1
140,36,157.29,2.65,353.14,165.53,0.5384,-1,-1,-1
140,35,1197.52,80.32,60.74,52.75,0.7865,-1,-1,-1
140,32,549.39,146.15,64.08,60.15,0.6561,-1,-1,-1
140,12,1273.99,126.50,58.45,59.41,0.7019,-1,-1,-1
140,6,1565.60,120.11,59.85,62.36,0.7802,-1,-1,-1
140,5,1139.68,536.43,179.49,262.45,0.7978,-1,-1,-1
141,39,1198.15,1.85,134.74,60.69,0.6351,-1,-1,-1
141,38,1502.41,0.00,91.42,66.91,0.6960,-1,-1,-1
141,36,135.87,1.74,343.99,136.26,0.5384,-1,-1,-1
141,35,1196.69,84.70,59.62,52.20,0.7865,-1,-1,-1
141,32,549.45,147.96,62.62,58.08,0.6561,-1,-1,-1
141,12,1275.05,133.61,59.44,55.56,0.7019,-1,-1,-1
141,6,1565.72,124.67,60.95,62.23,0.7802,-1,-1,-1
141,5,1139.66,536.05,179.36,263.44,0.7978,-1,-1,-1
142,39,1188.63,1.16,145.79,68.78,0.6351,-1,-1,-1
142,38,1507.90,0.68,85.29,72.87,0.6960,-1,-1,-1
142,36,122.06,3.50,316.87,98.47,0.5384,-1,-1,-1
142,35,1194.67,86.60,60.70,53.89,0.7865,-1,-1,-1
142,32,547.57,147.30,63.82,58.94,0.6561,-1,-1,-1
142,12,1273.00,138.14,60.94,58.00,0.7019,-1,-1,-1
142,6,1566.63,131.87,61.19,61.89,0.7802,-1,-1,-1
142,5,1139.16,536.30,179.62,263.01,0.7978,-1,-1,-1
143,39,1196.83,0.68,138.13,84.06,0.6351,-1,-1,-1
143,38,1512.21,5.30,80.92,73.96,0.6960,-1,-1,-1
143,36,114.74,1.90,280.27,68.66,0.5384,-1,-1,-1
143,35,1193.08,89.60,61.75,54.41,0.7865,-1,-1,-1
143,32,547.01,148.57,62.89,58.20,0.6561,-1,-1,-1
143,6,1566.93,135.95,63.36,62.71,0.7802,-1,-1,-1
143,5,1139.95,536.50,178.00,263.12,0.7978,-1,-1,-1
144,39,1203.56,0.00,133.45,98.61,0.6351,-1,-1,-1
144,38,1513.97,12.95,83.14,76.21,0.6960,-1,-1,-1
144,35,1191.93,92.85,61.65,54.25,0.7865,-1,-1,-1
144,32,546.81,149.73,61.52,57.28,0.6561,-1,-1,-1
144,6,1569.50,140.91,62.88,62.56,0.7802,-1,-1,-1
144,5,1139.63,534.91,177.58,265.72,0.7978,-1,-1,-1
145,39,1213.97,1.30,124.10,109.58,0.6351,-1,-1,-1
145,38,1518.69,16.34,79.18,76.87,0.6960,-1,-1,-1
145,35,1190.04,95.86,62.90,55.72,0.7865,-1,-1,-1
145,32,544.13,149.53,63.56,57.86,0.6561,-1,-1,-1
145,6,1569.76,145.55,62.57,63.39,0.7802,-1,-1,-1
145,5,1139.75,534.35,177.10,265.27,0.7978,-1,-1,-1
146,39,1214.54,8.41,123.61,119.66,0.6351,-1,-1,-1
146,38,1519.66,24.73,81.04,77.64,0.6960,-1,-1,-1
146,35,1188.97,100.68,64.47,53.81,0.7865,-1,-1,-1
146,32,540.70,150.05,65.14,58.87,0.6561,-1,-1,-1
146,6,1572.42,153.90,59.32,60.83,0.7802,-1,-1,-1
146,5,1139.83,535.45,175.38,265.07,0.7978,-1,-1,-1
147,39,1211.15,23.94,127.54,122.42,0.6351,-1,-1,-1
147,38,1520.92,33.25,83.01,78.25,0.6960,-1,-1,-1
147,35,1192.62,105.42,58.68,54.15,0.7865,-1,-1,-1
147,32,538.03,151.70,65.70,58.26,0.6561,-1,-1,-1
147,6,1573.53,158.37,59.95,63.97,0.7802,-1,-1,-1
147,5,1140.29,534.61,175.27,265.42,0.7978,-1,-1,-1
148,39,1202.49,38.73,135.76,124.74,0.6351,-1,-1,-1
148,38,1521.69,37.37,85.75,80.68,0.6960,-1,-1,-1
148,32,537.44,152.11,65.11,57.74,0.6561,-1,-1,-1
148,12,1272.36,164.63,64.69,63.62,0.7019,-1,-1,-1
148,6,1575.87,166.55,59.18,60.89,0.7802,-1,-1,-1
148,5,1139.03,533.09,176.40,267.07,0.7978,-1,-1,-1
149,39,1193.97,52.79,143.96,123.32,0.6351,-1,-1,-1
149,38,1523.50,48.85,87.37,78.28,0.6960,-1,-1,-1
149,32,534.12,151.87,68.64,59.53,0.6561,-1,-1,-1
149,12,1272.26,175.45,65.96,58.21,0.7019,-1,-1,-1
149,6,1577.93,173.82,58.76,59.77,0.7802,-1,-1,-1
149,5,1139.56,532.36,176.40,266.90,0.7978,-1,-1,-1
150,39,1192.77,68.62,145.55,124.45,0.6351,-1,-1,-1
150,38,1527.87,56.41,88.13,79.67,0.6960,-1,-1,-1
150,32,532.65,153.09,68.28,58.22,0.6561,-1,-1,-1
150,22,1140.75,2.15,122.90,62.56,0.6851,-1,-1,-1
150,12,1270.90,181.25,68.75,58.96,0.7019,-1,-1,-1
150,6,1578.36,179.77,60.70,60.55,0.7802,-1,-1,-1
150,5,1139.09,531.89,176.09,266.30,0.7978,-1,-1,-1
151,39,1195.81,85.47,142.28,126.58,0.6351,-1,-1,-1
151,38,1527.72,62.44,89.67,83.13,0.6960,-1,-1,-1
151,32,531.35,154.28,66.56,60.63,0.6561,-1,-1,-1
151,6,1579.67,185.99,62.67,59.44,0.7802,-1,-1,-1
151,5,1138.51,532.25,176.25,264.93,0.7978,-1,-1,-1
152,39,1195.20,102.83,143.93,136.91,0.6351,-1,-1,-1
152,38,1529.55,74.13,90.64,79.17,0.6960,-1,-1,-1
152,32,529.19,154.70,66.76,62.11,0.6561,-1,-1,-1
152,6,1581.35,192.10,60.57,61.07,0.7802,-1,-1,-1
152,5,1138.65,532.70,175.02,261.50,0.7978,-1,-1,-1
153,39,1194.23,121.32,141.96,133.35,0.6351,-1,-1,-1
153,38,1534.10,81.23,89.32,79.08,0.6960,-1,-1,-1
153,32,527.09,155.06,67.72,63.29,0.6561,-1,-1,-1
153,6,1584.37,200.06,58.14,57.93,0.7802,-1,-1,-1
153,5,1136.51,531.22,178.36,263.21,0.7978,-1,-1,-1
154,39,1202.32,141.10,135.57,131.16,0.6351,-1,-1,-1
154,38,1537.67,89.03,88.62,81.95,0.6960,-1,-1,-1
154,32,524.08,158.46,69.20,61.42,0.6561,-1,-1,-1
154,6,1587.24,206.69,57.22,58.68,0.7802,-1,-1,-1
155,39,1198.10,162.07,137.52,130.51,0.6351,-1,-1,-1
155,38,1541.72,100.33,87.97,82.64,0.6960,-1,-1,-1
155,32,522.84,158.45,70.47,64.57,0.6561,-1,-1,-1
155,6,1588.20,214.54,59.48,59.67,0.7802,-1,-1,-1
156,39,1196.80,183.37,140.11,133.18,0.6351,-1,-1,-1
156,38,1542.86,107.72,90.23,83.05,0.6960,-1,-1,-1
156,35,1180.44,144.29,67.08,58.82,0.7865,-1,-1,-1
156,32,521.71,162.09,69.92,62.70,0.6561,-1,-1,-1
156,22,1195.88,7.80,74.23,63.96,0.6851,-1,-1,-1
156,6,1588.68,220.53,61.12,60.54,0.7802,-1,-1,-1
157,39,1195.20,229.23,141.24,131.37,0.6351,-1,-1,-1
157,38,1550.32,128.96,88.91,83.61,0.6960,-1,-1,-1
157,35,1178.74,154.03,68.59,57.59,0.7865,-1,-1,-1
157,32,520.85,165.09,66.18,60.90,0.6561,-1,-1,-1
157,22,1195.48,9.46,75.15,64.82,0.6851,-1,-1,-1
157,6,1590.69,235.78,63.06,59.49,0.7802,-1,-1,-1
158,39,1191.19,249.04,143.64,138.53,0.6351,-1,-1,-1
158,38,1554.39,141.29,86.42,83.31,0.6960,-1,-1,-1
158,35,1181.29,159.78,63.07,57.16,0.7865,-1,-1,-1
158,32,520.74,167.72,62.73,61.78,0.6561,-1,-1,-1
158,22,1194.99,11.93,77.36,63.44,0.6851,-1,-1,-1
158,6,1593.45,242.20,64.22,60.15,0.7802,-1,-1,-1
159,39,1190.35,276.82,137.30,134.56,0.6351,-1,-1,-1
159,38,1553.84,151.50,90.23,84.92,0.6960,-1,-1,-1
159,35,1183.06,165.45,60.48,55.73,0.7865,-1,-1,-1
159,32,516.92,168.20,63.54,62.27,0.6561,-1,-1,-1
159,22,1195.46,12.54,77.37,64.68,0.6851,-1,-1,-1
159,6,1594.25,251.33,65.51,60.24,0.7802,-1,-1,-1
159,5,1131.26,527.64,182.73,269.08,0.7978,-1,-1,-1
160,41,1149.35,388.89,58.73,57.39,0.5249,-1,-1,-1
160,40,882.79,0.39,75.89,40.39,0.6161,-1,-1,-1
160,39,1188.75,301.92,138.57,137.54,0.6351,-1,-1,-1
160,38,1561.23,162.49,86.71,84.92,0.6960,-1,-1,-1
160,35,1182.63,169.58,62.85,57.05,0.7865,-1,-1,-1
160,32,516.52,171.29,63.92,60.19,0.6561,-1,-1,-1
160,22,1195.99,13.54,77.52,64.21,0.6851,-1,-1,-1
160,6,1596.19,259.08,63.43,60.24,0.7802,-1,-1,-1
160,5,1129.71,526.30,185.48,271.34,0.7978,-1,-1,-1
161,40,879.60,0.00,79.02,46.62,0.6161,-1,-1,-1
161,39,1186.74,330.25,136.92,139.43,0.6351,-1,-1,-1
161,38,1562.95,176.09,87.55,83.12,0.6960,-1,-1,-1
161,35,1180.15,176.10,65.79,57.77,0.7865,-1,-1,-1
161,32,512.95,172.99,66.00,61.25,0.6561,-1,-1,-1
161,22,1196.60,14.07,77.66,66.07,0.6851,-1,-1,-1
161,6,1596.83,267.39,64.60,59.65,0.7802,-1,-1,-1
162,40,876.50,0.00,79.55,53.61,0.6161,-1,-1,-1
162,39,1181.29,356.88,143.99,142.15,0.6351,-1,-1,-1
162,38,1564.78,184.77,88.89,86.50,0.6960,-1,-1,-1
162,35,1179.88,180.68,66.71,59.28,0.7865,-1,-1,-1
162,32,512.51,175.73,65.65,62.28,0.6561,-1,-1,-1
162,22,1197.56,16.64,76.95,65.89,0.6851,-1,-1,-1
162,12,1273.21,275.49,66.44,60.04,0.7019,-1,-1,-1
162,6,1600.23,273.42,62.44,62.82,0.7802,-1,-1,-1
162,5,1125.82,531.39,190.78,265.69,0.7978,-1,-1,-1
163,40,871.59,0.00,83.07,60.73,0.6161,-1,-1,-1
163,39,1175.31,382.88,147.49,147.66,0.6351,-1,-1,-1
163,38,1568.34,198.30,87.83,85.25,0.6960,-1,-1,-1
163,35,1176.82,186.17,68.80,60.42,0.7865,-1,-1,-1
163,32,512.45,177.61,64.80,63.04,0.6561,-1,-1,-1
163,22,1197.30,16.50,79.13,68.24,0.6851,-1,-1,-1
163,12,1270.78,281.41,66.92,61.98,0.7019,-1,-1,-1
163,6,1601.39,281.55,64.85,61.28,0.7802,-1,-1,-1
163,5,1126.29,538.68,190.76,258.81,0.7978,-1,-1,-1
164,40,870.40,0.00,82.18,63.91,0.6161,-1,-1,-1
164,39,1168.30,413.03,152.63,153.58,0.6351,-1,-1,-1
164,38,1571.55,209.63,86.12,86.32,0.6960,-1,-1,-1
164,35,1181.05,193.43,60.30,59.39,0.7865,-1,-1,-1
164,32,510.57,180.92,63.60,61.69,0.6561,-1,-1,-1
164,22,1201.91,19.74,73.25,66.47,0.6851,-1,-1,-1
164,12,1272.42,293.37,64.06,61.33,0.7019,-1,-1,-1
164,6,1603.42,291.11,61.92,60.89,0.7802,-1,-1,-1
165,40,865.82,0.00,85.95,69.72,0.6161,-1,-1,-1
165,39,1167.98,442.69,150.72,153.10,0.6351,-1,-1,-1
165,38,1573.68,222.63,90.68,86.26,0.6960,-1,-1,-1
165,35,1182.33,201.29,58.93,55.70,0.7865,-1,-1,-1
165,32,509.22,183.00,65.21,61.62,0.6561,-1,-1,-1
165,22,1201.86,24.18,72.54,63.71,0.6851,-1,-1,-1
165,12,1270.69,300.56,66.08,62.13,0.7019,-1,-1,-1
165,6,1602.24,301.19,67.57,59.94,0.7802,-1,-1,-1
166,42,1144.02,0.81,103.22,39.04,0.6912,-1,-1,-1
166,40,862.00,1.34,84.03,74.79,0.6161,-1,-1,-1
166,38,1575.74,233.19,92.72,88.14,0.6960,-1,-1,-1
166,35,1180.63,204.55,60.01,58.68,0.7865,-1,-1,-1
166,32,509.57,187.73,60.74,57.57,0.6561,-1,-1,-1
166,22,1201.47,26.07,72.64,63.83,0.6851,-1,-1,-1
166,12,1268.81,311.51,66.91,59.64,0.7019,-1,-1,-1
166,6,1605.65,310.63,66.50,58.19,0.7802,-1,-1,-1
167,42,1139.47,0.79,133.71,90.84,0.6912,-1,-1,-1
167,40,858.25,6.49,81.07,77.92,0.6161,-1,-1,-1
167,38,1577.74,248.55,92.81,86.33,0.6960,-1,-1,-1
167,35,1176.48,211.88,64.81,59.68,0.7865,-1,-1,-1
167,32,506.63,190.37,60.39,60.32,0.6561,-1,-1,-1
167,12,1268.30,322.07,68.23,56.29,0.7019,-1,-1,-1
167,6,1607.06,319.52,66.88,60.94,0.7802,-1,-1,-1
168,42,1134.77,0.00,128.17,83.17,0.6912,-1,-1,-1
168,40,852.80,12.38,86.39,79.99,0.6161,-1,-1,-1
168,38,1579.64,260.05,92.12,88.91,0.6960,-1,-1,-1
168,35,1176.64,219.91,63.42,58.57,0.7865,-1,-1,-1
168,32,504.32,192.37,63.37,61.39,0.6561,-1,-1,-1
168,12,1264.90,329.14,70.05,61.36,0.7019,-1,-1,-1
168,6,1608.58,331.35,66.24,57.20,0.7802,-1,-1,-1
169,43,1135.12,77.53,57.39,53.86,0.5983,-1,-1,-1
169,42,1134.27,0.44,138.48,95.13,0.6912,-1,-1,-1
169,40,851.77,17.46,85.78,79.91,0.6161,-1,-1,-1
169,38,1582.27,274.31,93.12,87.28,0.6960,-1,-1,-1
169,35,1177.56,227.85,60.83,54.42,0.7865,-1,-1,-1
169,32,503.29,197.27,61.36,58.45,0.6561,-1,-1,-1
169,12,1264.75,337.12,70.41,60.97,0.7019,-1,-1,-1
169,6,1608.86,343.04,67.00,54.11,0.7802,-1,-1,-1
170,43,1137.78,82.55,55.19,52.23,0.5983,-1,-1,-1
170,42,1131.91,0.00,143.06,101.79,0.6912,-1,-1,-1
170,40,850.27,24.65,88.64,80.34,0.6161,-1,-1,-1
170,39,1149.54,611.80,157.43,163.35,0.6351,-1,-1,-1
170,38,1586.18,289.13,92.24,88.00,0.6960,-1,-1,-1
170,35,1175.24,232.10,63.57,57.31,0.7865,-1,-1,-1
170,32,500.84,200.08,62.47,57.50,0.6561,-1,-1,-1
170,12,1266.06,346.78,69.09,61.61,0.7019,-1,-1,-1
170,6,1613.93,362.62,62.11,43.80,0.7802,-1,-1,-1
171,42,1131.56,1.61,143.07,113.85,0.6912,-1,-1,-1
171,40,847.60,32.90,89.21,79.25,0.6161,-1,-1,-1
171,38,1589.11,301.11,91.55,92.94,0.6960,-1,-1,-1
171,35,1173.97,238.59,63.89,58.72,0.7865,-1,-1,-1
171,32,499.75,204.61,61.48,56.40,0.6561,-1,-1,-1
171,12,1266.41,358.07,67.51,60.66,0.7019,-1,-1,-1
172,42,1130.02,14.96,145.19,120.51,0.6912,-1,-1,-1
172,41,1133.43,516.57,66.69,59.97,0.5249,-1,-1,-1
172,40,843.78,37.60,91.24,81.70,0.6161,-1,-1,-1
172,38,1591.47,318.12,94.22,102.01,0.6960,-1,-1,-1
172,32,498.37,207.10,60.99,58.55,0.6561,-1,-1,-1
172,12,1265.74,367.29,69.16,60.99,0.7019,-1,-1,-1
173,42,1127.69,29.34,147.60,123.44,0.6912,-1,-1,-1
173,40,839.85,43.88,92.81,82.65,0.6161,-1,-1,-1
173,38,1595.00,332.10,93.89,104.75,0.6960,-1,-1,-1
173,32,494.11,211.17,64.04,61.38,0.6561,-1,-1,-1
173,12,1264.42,374.49,72.08,65.25,0.7019,-1,-1,-1
174,42,1128.25,47.13,145.46,120.47,0.6912,-1,-1,-1
174,40,838.94,51.80,89.31,82.08,0.6161,-1,-1,-1
174,38,1597.65,347.46,94.45,101.29,0.6960,-1,-1,-1
174,32,492.68,214.54,61.86,62.12,0.6561,-1,-1,-1
174,12,1266.92,387.39,67.93,61.06,0.7019,-1,-1,-1
175,42,1124.09,60.44,130.88,125.97,0.6912,-1,-1,-1
175,41,1121.95,549.12,74.14,66.29,0.5249,-1,-1,-1
175,40,837.45,59.76,88.00,82.15,0.6161,-1,-1,-1
175,38,1599.73,365.92,93.53,94.65,0.6960,-1,-1,-1
175,32,491.33,218.62,62.22,61.24,0.6561,-1,-1,-1
175,22,1211.07,52.57,66.77,64.59,0.6851,-1,-1,-1
175,12,1264.97,396.64,68.76,63.09,0.7019,-1,-1,-1
176,42,1121.11,76.75,132.88,128.90,0.6912,-1,-1,-1
176,41,1125.78,566.24,69.44,59.68,0.5249,-1,-1,-1
176,40,834.02,66.37,89.52,84.06,0.6161,-1,-1,-1
176,38,1602.36,382.18,94.21,91.18,0.6960,-1,-1,-1
176,35,1171.78,273.28,65.00,60.13,0.7865,-1,-1,-1
176,32,486.59,221.54,68.20,61.67,0.6561,-1,-1,-1
176,12,1265.14,407.68,70.58,60.48,0.7019,-1,-1,-1
177,42,1120.67,97.98,133.23,126.23,0.6912,-1,-1,-1
177,41,1122.60,572.93,75.37,67.26,0.5249,-1,-1,-1
177,40,832.80,77.01,85.96,80.98,0.6161,-1,-1,-1
177,38,1605.22,397.15,93.36,93.33,0.6960,-1,-1,-1
177,32,484.56,225.88,68.67,59.55,0.6561,-1,-1,-1
177,22,1205.95,58.13,75.09,66.26,0.6851,-1,-1,-1
177,12,1265.19,418.55,69.82,62.07,0.7019,-1,-1,-1
178,42,1119.74,117.41,130.18,125.90,0.6912,-1,-1,-1
178,40,828.84,82.78,89.72,84.91,0.6161,-1,-1,-1
178,38,1609.34,415.39,90.67,93.24,0.6960,-1,-1,-1
178,32,480.51,228.67,70.57,61.58,0.6561,-1,-1,-1
178,22,1206.14,61.24,76.66,67.12,0.6851,-1,-1,-1
178,12,1264.76,427.39,67.63,63.39,0.7019,-1,-1,-1
179,45,955.02,494.01,50.47,47.69,0.5255,-1,-1,-1
179,42,1119.34,132.99,129.04,131.29,0.6912,-1,-1,-1
179,40,825.86,91.59,89.38,85.57,0.6161,-1,-1,-1
179,38,1612.76,432.01,90.51,91.10,0.6960,-1,-1,-1
179,35,1174.25,301.98,55.87,53.33,0.7865,-1,-1,-1
179,32,477.45,231.18,69.89,63.12,0.6561,-1,-1,-1
179,22,1207.92,66.00,74.01,66.44,0.6851,-1,-1,-1
180,45,953.72,498.40,50.59,52.25,0.5255,-1,-1,-1
180,42,1115.86,155.44,132.41,133.90,0.6912,-1,-1,-1
180,40,820.93,102.56,90.26,82.64,0.6161,-1,-1,-1
180,38,1616.27,449.86,89.53,91.57,0.6960,-1,-1,-1
180,32,476.55,234.96,67.76,64.12,0.6561,-1,-1,-1
180,22,1209.23,70.55,73.02,66.03,0.6851,-1,-1,-1
180,12,1267.55,447.62,64.88,66.46,0.7019,-1,-1,-1
181,43,1123.93,134.05,70.82,58.74,0.5983,-1,-1,-1
181,42,1114.27,181.15,133.21,128.80,0.6912,-1,-1,-1
181,41,1105.29,554.83,157.66,150.32,0.5249,-1,-1,-1
181,40,816.46,108.04,94.86,86.85,0.6161,-1,-1,-1
181,35,1169.92,316.38,63.51,57.80,0.7865,-1,-1,-1
181,32,476.93,239.59,65.39,62.07,0.6561,-1,-1,-1
181,22,1207.00,72.85,77.90,67.63,0.6851,-1,-1,-1
182,43,1127.85,148.26,65.42,58.42,0.5983,-1,-1,-1
182,42,1107.65,228.98,137.45,130.33,0.6912,-1,-1,-1
182,41,1100.28,507.44,152.71,138.73,0.5249,-1,-1,-1
182,40,810.89,128.26,93.35,87.20,0.6161,-1,-1,-1
182,32,474.68,249.07,63.74,62.13,0.6561,-1,-1,-1
182,22,1205.25,82.32,82.10,66.37,0.6851,-1,-1,-1
183,43,1127.89,155.17,67.41,60.56,0.5983,-1,-1,-1
183,42,1106.03,251.44,138.77,139.22,0.6912,-1,-1,-1
183,41,1099.17,477.12,149.30,146.99,0.5249,-1,-1,-1
183,40,806.23,137.51,98.25,87.62,0.6161,-1,-1,-1
183,32,473.44,256.81,62.36,58.80,0.6561,-1,-1,-1
183,22,1207.33,86.38,82.46,68.10,0.6851,-1,-1,-1
184,43,1124.61,161.61,72.92,59.00,0.5983,-1,-1,-1
184,42,1106.48,276.97,138.98,137.40,0.6912,-1,-1,-1
184,41,1095.39,454.71,151.40,144.24,0.5249,-1,-1,-1
184,40,803.20,148.91,96.76,86.64,0.6161,-1,-1,-1
184,38,1624.41,542.37,97.12,94.11,0.6960,-1,-1,-1
184,32,469.70,259.92,65.74,60.43,0.6561,-1,-1,-1
184,22,1210.57,90.72,79.46,68.52,0.6851,-1,-1,-1
185,42,1100.36,300.48,148.15,140.81,0.6912,-1,-1,-1
185,40,799.17,158.50,99.44,88.88,0.6161,-1,-1,-1
185,32,468.95,265.75,64.64,61.18,0.6561,-1,-1,-1
185,22,1213.18,96.38,75.09,67.49,0.6851,-1,-1,-1
186,43,1126.01,175.65,73.70,60.00,0.5983,-1,-1,-1
186,42,1085.65,320.88,158.90,244.49,0.6912,-1,-1,-1
186,40,796.09,169.35,97.73,88.91,0.6161,-1,-1,-1
186,38,1628.07,582.14,94.90,94.43,0.6960,-1,-1,-1
186,32,466.58,271.07,67.02,59.75,0.6561,-1,-1,-1
186,22,1214.54,102.15,74.39,66.55,0.6851,-1,-1,-1
187,43,1129.95,182.12,64.77,60.48,0.5983,-1,-1,-1
187,40,791.61,180.60,98.46,88.71,0.6161,-1,-1,-1
187,32,462.91,275.53,67.37,61.30,0.6561,-1,-1,-1
187,22,1211.79,106.41,78.51,67.15,0.6851,-1,-1,-1
188,47,1108.76,738.93,69.48,59.00,0.6112,-1,-1,-1
188,43,1130.76,189.68,63.99,59.32,0.5983,-1,-1,-1
188,42,1072.41,450.61,154.44,152.21,0.6912,-1,-1,-1
188,40,786.07,191.99,100.75,90.14,0.6161,-1,-1,-1
188,32,460.34,278.81,71.76,64.74,0.6561,-1,-1,-1
188,22,1213.29,111.24,77.74,67.05,0.6851,-1,-1,-1
189,48,1099.74,296.25,141.90,140.13,0.8402,-1,-1,-1
189,47,1110.84,752.81,63.22,59.57,0.6112,-1,-1,-1
189,42,1066.58,475.16,152.51,151.94,0.6912,-1,-1,-1
189,40,786.30,201.84,97.28,90.89,0.6161,-1,-1,-1
189,32,459.82,284.79,65.92,64.03,0.6561,-1,-1,-1
189,22,1217.53,117.92,74.00,66.65,0.6851,-1,-1,-1
190,48,1101.71,286.71,139.86,131.34,0.8402,-1,-1,-1
190,47,1107.28,752.98,63.99,59.15,0.6112,-1,-1,-1
190,42,1053.63,499.52,160.31,155.95,0.6912,-1,-1,-1
190,40,784.56,215.44,96.49,87.92,0.6161,-1,-1,-1
190,32,455.27,287.70,66.21,64.56,0.6561,-1,-1,-1
190,22,1218.16,122.30,75.00,66.46,0.6851,-1,-1,-1
191,48,1101.16,279.13,135.15,126.31,0.8402,-1,-1,-1
191,47,1102.49,742.57,70.89,59.62,0.6112,-1,-1,-1
191,42,1042.50,522.85,162.83,160.07,0.6912,-1,-1,-1
191,40,777.03,226.48,101.41,90.61,0.6161,-1,-1,-1
191,32,451.78,294.30,66.94,63.53,0.6561,-1,-1,-1
191,22,1216.14,127.23,78.74,68.18,0.6851,-1,-1,-1
192,48,1099.49,269.48,134.10,126.63,0.8402,-1,-1,-1
192,47,1103.52,731.63,64.56,59.19,0.6112,-1,-1,-1
192,42,1036.20,548.32,165.94,171.91,0.6912,-1,-1,-1
192,40,778.38,238.74,97.25,91.49,0.6161,-1,-1,-1
192,38,1634.91,612.89,76.98,68.15,0.6960,-1,-1,-1
192,35,1158.28,426.37,61.38,58.57,0.7865,-1,-1,-1
192,32,451.44,298.03,65.53,65.38,0.6561,-1,-1,-1
192,22,1217.40,132.40,78.54,69.26,0.6851,-1,-1,-1
193,49,1366.87,0.87,103.26,63.12,0.7436,-1,-1,-1
193,48,1100.77,260.55,133.36,127.26,0.8402,-1,-1,-1
193,40,775.16,249.64,99.42,93.37,0.6161,-1,-1,-1
193,32,452.46,307.67,58.68,61.50,0.6561,-1,-1,-1
193,22,1218.92,140.42,74.38,66.36,0.6851,-1,-1,-1
194,49,1368.55,0.64,110.50,82.69,0.7436,-1,-1,-1
194,48,1101.33,251.68,131.09,127.12,0.8402,-1,-1,-1
194,40,770.59,265.18,99.39,91.69,0.6161,-1,-1,-1
194,38,1638.03,637.65,72.49,72.62,0.6960,-1,-1,-1
194,32,446.26,311.95,65.50,61.91,0.6561,-1,-1,-1
194,22,1221.85,147.17,73.00,66.52,0.6851,-1,-1,-1
195,49,1373.37,0.00,111.73,98.56,0.7436,-1,-1,-1
195,48,1100.53,245.08,131.47,124.94,0.8402,-1,-1,-1
195,40,769.01,278.76,93.28,90.86,0.6161,-1,-1,-1
195,32,445.16,319.98,61.15,60.29,0.6561,-1,-1,-1
195,22,1219.93,154.21,78.02,65.03,0.6851,-1,-1,-1
196,49,1376.79,11.13,117.26,106.89,0.7436,-1,-1,-1
196,48,1100.68,232.44,131.06,128.52,0.8402,-1,-1,-1
196,40,764.09,293.41,94.97,93.85,0.6161,-1,-1,-1
196,38,1641.32,666.52,70.63,67.83,0.6960,-1,-1,-1
196,32,441.56,328.20,62.61,62.90,0.6561,-1,-1,-1
196,22,1219.42,157.10,81.97,69.55,0.6851,-1,-1,-1
197,52,1252.82,679.17,69.30,64.70,0.6242,-1,-1,-1
197,49,1383.79,29.82,113.96,105.56,0.7436,-1,-1,-1
197,48,1101.96,226.95,130.02,126.97,0.8402,-1,-1,-1
197,40,756.27,307.96,99.88,92.91,0.6161,-1,-1,-1
197,32,437.89,335.66,61.23,61.42,0.6561,-1,-1,-1
197,22,1220.08,165.47,79.60,69.86,0.6851,-1,-1,-1