0,3,315.55,147.38,241.97,141.19,0.8195,-1,-1,-1
0,2,496.12,4.13,300.26,519.52,0.8337,-1,-1,-1
0,1,227.55,126.67,62.67,160.14,0.8421,-1,-1,-1
1,6,579.39,592.52,116.55,134.37,0.5259,-1,-1,-1
1,5,474.38,598.68,140.30,135.38,0.5595,-1,-1,-1
1,4,295.15,590.50,162.11,134.55,0.6673,-1,-1,-1
1,3,316.91,151.60,237.89,141.67,0.8195,-1,-1,-1
1,2,487.87,3.90,306.42,524.36,0.8337,-1,-1,-1
1,1,230.45,127.80,63.37,163.62,0.8421,-1,-1,-1
2,3,316.39,159.65,231.36,140.82,0.8195,-1,-1,-1
2,2,477.49,4.38,304.32,525.96,0.8337,-1,-1,-1
2,1,231.35,134.78,65.81,165.04,0.8421,-1,-1,-1
3,3,317.07,157.61,227.70,140.52,0.8195,-1,-1,-1
3,2,475.43,3.92,303.28,518.09,0.8337,-1,-1,-1
3,1,237.75,131.49,65.51,164.80,0.8421,-1,-1,-1
4,3,318.00,159.18,207.73,141.39,0.8195,-1,-1,-1
4,2,467.75,5.34,305.65,510.90,0.8337,-1,-1,-1
4,1,234.93,131.77,67.86,168.48,0.8421,-1,-1,-1
5,3,320.58,161.40,185.89,139.91,0.8195,-1,-1,-1
5,2,452.32,4.34,306.47,506.58,0.8337,-1,-1,-1
5,1,234.67,133.08,68.68,170.69,0.8421,-1,-1,-1
6,3,320.11,158.22,169.39,140.95,0.8195,-1,-1,-1
6,2,442.52,3.36,310.61,495.77,0.8337,-1,-1,-1
6,1,236.30,128.12,68.37,170.77,0.8421,-1,-1,-1
7,3,319.73,160.82,144.38,138.89,0.8195,-1,-1,-1
7,2,431.17,2.16,317.10,493.88,0.8337,-1,-1,-1
7,1,238.72,128.00,68.11,170.51,0.8421,-1,-1,-1
8,3,327.60,156.41,119.57,137.28,0.8195,-1,-1,-1
8,2,410.01,1.44,336.13,486.23,0.8337,-1,-1,-1
8,1,251.12,122.14,65.18,172.14,0.8421,-1,-1,-1
9,3,335.52,150.30,98.94,139.12,0.8195,-1,-1,-1
9,2,378.83,2.33,370.03,487.00,0.8337,-1,-1,-1
9,1,261.58,112.80,66.60,174.65,0.8421,-1,-1,-1
10,1,260.23,124.66,70.14,176.86,0.8421,-1,-1,-1
11,1,261.00,135.28,71.07,178.47,0.8421,-1,-1,-1
12,1,267.79,137.48,72.65,179.64,0.8421,-1,-1,-1
13,7,462.67,187.00,125.69,124.11,0.5469,-1,-1,-1
13,2,314.61,4.12,435.64,509.65,0.8337,-1,-1,-1
14,7,461.14,180.12,137.48,128.92,0.5469,-1,-1,-1
14,2,319.76,4.38,437.28,502.85,0.8337,-1,-1,-1
15,7,460.02,181.08,144.96,129.05,0.5469,-1,-1,-1
16,7,454.91,182.68,149.79,131.12,0.5469,-1,-1,-1
16,1,313.96,136.04,48.65,183.59,0.8421,-1,-1,-1
17,7,448.94,183.32,163.22,131.56,0.5469,-1,-1,-1
18,7,448.83,184.91,159.05,131.16,0.5469,-1,-1,-1
19,8,687.81,118.97,425.37,230.83,0.5676,-1,-1,-1
19,7,453.83,186.60,153.65,130.00,0.5469,-1,-1,-1
20,7,460.82,188.98,138.56,128.89,0.5469,-1,-1,-1
20,2,330.29,3.67,441.99,510.95,0.8337,-1,-1,-1
21,7,468.25,190.65,131.29,129.97,0.5469,-1,-1,-1
21,2,333.78,2.76,417.20,516.91,0.8337,-1,-1,-1
22,7,478.20,200.45,116.53,123.84,0.5469,-1,-1,-1
22,2,331.83,2.52,396.14,520.47,0.8337,-1,-1,-1
23,7,491.85,202.91,92.72,126.81,0.5469,-1,-1,-1
23,2,337.86,3.48,361.00,521.04,0.8337,-1,-1,-1
24,2,349.12,3.64,323.34,532.25,0.8337,-1,-1,-1
25,2,375.40,3.56,302.96,527.33,0.8337,-1,-1,-1
26,2,411.32,4.85,291.14,533.33,0.8337,-1,-1,-1
27,2,427.91,3.82,286.89,546.64,0.8337,-1,-1,-1
28,2,463.90,3.51,277.54,539.98,0.8337,-1,-1,-1
29,2,485.27,4.14,278.26,548.20,0.8337,-1,-1,-1
30,2,497.27,4.89,268.36,541.25,0.8337,-1,-1,-1
31,2,512.84,5.40,264.53,524.01,0.8337,-1,-1,-1
32,12,1054.39,636.42,122.96,108.72,0.5416,-1,-1,-1
32,2,527.96,4.54,267.79,487.12,0.8337,-1,-1,-1
33,13,993.64,608.64,99.14,120.61,0.5833,-1,-1,-1
33,12,1057.99,601.29,114.74,104.60,0.5416,-1,-1,-1
33,2,557.81,4.50,253.96,435.59,0.8337,-1,-1,-1
34,13,998.12,601.85,96.31,118.84,0.5833,-1,-1,-1
34,12,1056.09,606.15,118.16,111.11,0.5416,-1,-1,-1
34,2,580.83,3.97,241.97,409.58,0.8337,-1,-1,-1
35,2,586.87,3.77,243.34,399.45,0.8337,-1,-1,-1
36,2,610.39,3.10,236.69,377.84,0.8337,-1,-1,-1
37,2,589.21,2.84,264.42,369.07,0.8337,-1,-1,-1
38,25,715.18,508.01,90.66,119.17,0.5414,-1,-1,-1
38,2,574.51,2.20,295.07,364.87,0.8337,-1,-1,-1
39,25,727.00,506.20,84.56,120.69,0.5414,-1,-1,-1
39,2,559.60,2.40,328.64,357.22,0.8337,-1,-1,-1
40,23,1251.71,654.21,112.49,123.67,0.5740,-1,-1,-1
40,19,937.17,614.65,91.41,94.52,0.5436,-1,-1,-1
40,18,821.61,552.38,81.40,114.60,0.6228,-1,-1,-1
40,2,547.15,3.60,358.77,353.28,0.8337,-1,-1,-1
41,26,894.03,3.29,89.91,76.47,0.5894,-1,-1,-1
41,19,931.70,626.97,94.62,93.10,0.5436,-1,-1,-1
41,18,826.36,557.80,80.84,112.64,0.6228,-1,-1,-1
41,2,537.98,3.63,379.63,353.16,0.8337,-1,-1,-1
42,26,914.61,1.23,79.05,67.62,0.5894,-1,-1,-1
42,18,831.01,559.69,81.04,115.23,0.6228,-1,-1,-1
42,2,536.10,3.35,396.68,352.96,0.8337,-1,-1,-1
43,27,565.15,456.88,82.88,103.68,0.5127,-1,-1,-1
43,18,836.77,560.38,82.62,113.91,0.6228,-1,-1,-1
43,2,546.43,3.42,403.61,349.88,0.8337,-1,-1,-1
44,27,567.12,453.90,85.53,100.63,0.5127,-1,-1,-1
44,18,833.93,555.12,82.36,114.72,0.6228,-1,-1,-1
44,2,559.52,3.73,400.28,345.91,0.8337,-1,-1,-1
45,25,758.38,498.36,79.14,108.18,0.5414,-1,-1,-1
45,2,571.34,3.13,395.79,347.65,0.8337,-1,-1,-1
46,25,764.55,494.69,79.46,108.53,0.5414,-1,-1,-1
46,2,584.30,3.14,391.28,344.37,0.8337,-1,-1,-1
47,2,591.50,3.37,385.18,334.39,0.8337,-1,-1,-1
48,2,602.20,3.74,375.91,319.90,0.8337,-1,-1,-1
49,2,609.98,4.18,362.80,316.18,0.8337,-1,-1,-1
50,2,622.00,3.85,334.27,313.04,0.8337,-1,-1,-1
51,2,628.31,4.42,294.20,306.18,0.8337,-1,-1,-1
52,2,635.45,2.98,260.48,301.74,0.8337,-1,-1,-1
53,2,756.44,5.30,108.65,284.98,0.8337,-1,-1,-1
54,2,638.89,3.06,216.80,298.48,0.8337,-1,-1,-1
55,2,642.55,3.30,206.40,299.95,0.8337,-1,-1,-1
56,13,1031.17,594.96,96.99,114.29,0.5833,-1,-1,-1
56,2,641.78,2.67,194.76,302.93,0.8337,-1,-1,-1
57,13,1022.18,597.84,99.42,115.59,0.5833,-1,-1,-1
57,12,1134.86,619.61,92.15,106.54,0.5416,-1,-1,-1
57,2,646.81,4.93,183.54,299.87,0.8337,-1,-1,-1
58,2,651.09,5.54,174.69,299.99,0.8337,-1,-1,-1
59,2,656.89,5.77,166.29,300.19,0.8337,-1,-1,-1
60,2,670.36,3.82,156.25,301.67,0.8337,-1,-1,-1
61,2,675.59,5.37,153.18,304.41,0.8337,-1,-1,-1
62,27,605.94,440.67,64.47,85.24,0.5127,-1,-1,-1
62,2,675.93,5.01,147.42,307.89,0.8337,-1,-1,-1
63,12,1104.89,624.48,103.31,120.21,0.5416,-1,-1,-1
63,2,674.96,5.05,151.25,306.25,0.8337,-1,-1,-1
64,2,676.29,5.42,155.05,301.87,0.8337,-1,-1,-1
65,2,680.35,5.34,168.12,293.90,0.8337,-1,-1,-1
66,2,685.19,3.43,176.55,286.86,0.8337,-1,-1,-1
67,2,673.86,2.61,197.87,280.96,0.8337,-1,-1,-1
68,2,650.77,2.82,227.15,276.06,0.8337,-1,-1,-1
69,2,632.78,2.66,254.60,275.31,0.8337,-1,-1,-1
70,12,1091.75,659.53,94.76,122.37,0.5416,-1,-1,-1
70,2,611.26,3.15,283.99,279.10,0.8337,-1,-1,-1
71,2,596.24,2.72,303.36,282.28,0.8337,-1,-1,-1
72,2,588.07,2.88,321.70,283.67,0.8337,-1,-1,-1
73,2,586.82,3.06,333.24,285.13,0.8337,-1,-1,-1
74,36,790.57,599.52,92.38,131.36,0.5392,-1,-1,-1
74,2,590.25,3.16,342.94,289.88,0.8337,-1,-1,-1
75,37,1476.40,1.24,203.68,76.25,0.5061,-1,-1,-1
75,2,603.77,3.12,344.05,291.72,0.8337,-1,-1,-1
76,2,611.19,4.33,345.46,294.47,0.8337,-1,-1,-1
77,2,622.07,4.17,340.44,296.17,0.8337,-1,-1,-1
78,2,633.17,4.23,343.04,297.32,0.8337,-1,-1,-1
80,37,1540.44,1.29,370.44,142.30,0.5061,-1,-1,-1
81,37,1553.64,1.37,362.77,142.90,0.5061,-1,-1,-1
82,37,1566.74,2.19,352.79,148.27,0.5061,-1,-1,-1
83,37,1573.08,2.22,346.30,143.69,0.5061,-1,-1,-1
84,37,1588.88,1.02,330.41,141.31,0.5061,-1,-1,-1
85,37,1602.97,1.90,317.03,143.72,0.5061,-1,-1,-1
85,12,1079.34,713.47,114.73,113.78,0.5416,-1,-1,-1
86,37,1616.61,2.30,303.39,144.44,0.5061,-1,-1,-1
87,37,1624.12,2.33,295.88,140.92,0.5061,-1,-1,-1
87,2,709.58,1.82,212.46,257.71,0.8337,-1,-1,-1
88,37,1629.48,1.22,290.52,141.86,0.5061,-1,-1,-1
88,2,712.20,1.74,206.38,252.73,0.8337,-1,-1,-1
89,37,1643.14,0.00,276.86,142.97,0.5061,-1,-1,-1
90,37,1648.14,0.00,271.86,141.30,0.5061,-1,-1,-1
105,2,706.35,2.67,282.78,176.82,0.8337,-1,-1,-1
106,2,712.97,2.28,284.08,175.38,0.8337,-1,-1,-1
107,2,722.28,3.51,281.30,170.28,0.8337,-1,-1,-1
108,2,735.59,3.09,279.75,166.83,0.8337,-1,-1,-1
120,38,841.34,327.15,100.22,123.19,0.5096,-1,-1,-1
121,38,850.02,323.13,97.59,122.58,0.5096,-1,-1,-1
122,38,864.02,318.60,91.75,116.36,0.5096,-1,-1,-1
128,38,918.07,325.32,83.01,120.53,0.5096,-1,-1,-1
144,2,998.96,3.78,268.81,186.87,0.8337,-1,-1,-1
160,41,902.37,428.80,111.61,170.45,0.6081,-1,-1,-1
161,41,911.41,423.89,109.60,186.32,0.6081,-1,-1,-1
208,45,1380.93,4.02,335.49,215.47,0.5164,-1,-1,-1
209,45,1400.67,4.83,338.10,227.56,0.5164,-1,-1,-1
210,45,1406.30,4.56,336.16,224.38,0.5164,-1,-1,-1
211,45,1412.36,4.45,330.77,216.97,0.5164,-1,-1,-1
212,45,1424.54,4.86,325.02,214.24,0.5164,-1,-1,-1
213,45,1437.52,5.04,326.92,217.76,0.5164,-1,-1,-1
214,45,1451.99,5.47,325.13,219.64,0.5164,-1,-1,-1
215,45,1467.50,6.15,322.55,223.93,0.5164,-1,-1,-1
216,45,1483.91,5.39,323.36,231.91,0.5164,-1,-1,-1
217,45,1496.85,4.85,327.34,237.26,0.5164,-1,-1,-1
218,45,1510.93,5.34,321.34,237.76,0.5164,-1,-1,-1
219,45,1524.87,5.08,323.47,243.54,0.5164,-1,-1,-1
220,45,1536.87,5.35,318.94,245.61,0.5164,-1,-1,-1
221,45,1539.21,5.40,315.44,244.19,0.5164,-1,-1,-1
222,45,1544.56,5.17,313.04,250.20,0.5164,-1,-1,-1
223,45,1551.85,5.38,297.79,253.21,0.5164,-1,-1,-1
224,45,1555.76,5.52,289.80,251.58,0.5164,-1,-1,-1
225,45,1559.29,5.83,268.04,254.73,0.5164,-1,-1,-1
226,45,1510.70,4.93,315.19,256.99,0.5164,-1,-1,-1
230,45,1455.99,4.24,369.64,258.93,0.5164,-1,-1,-1
231,45,1456.29,4.61,371.94,264.16,0.5164,-1,-1,-1
232,45,1457.86,4.85,374.11,273.10,0.5164,-1,-1,-1
233,45,1461.59,3.95,375.65,281.11,0.5164,-1,-1,-1
234,45,1465.73,3.59,370.32,288.47,0.5164,-1,-1,-1
235,45,1469.47,3.71,363.45,296.88,0.5164,-1,-1,-1
236,45,1472.11,3.81,355.17,301.77,0.5164,-1,-1,-1
237,45,1474.67,3.70,345.44,307.57,0.5164,-1,-1,-1
238,45,1487.47,3.66,343.25,316.39,0.5164,-1,-1,-1
239,45,1496.98,3.39,348.90,327.15,0.5164,-1,-1,-1
240,45,1501.92,2.60,356.85,333.40,0.5164,-1,-1,-1
241,45,1512.97,3.82,360.58,342.19,0.5164,-1,-1,-1
242,45,1527.18,4.53,372.07,355.21,0.5164,-1,-1,-1
243,45,1544.53,4.71,372.80,369.40,0.5164,-1,-1,-1
244,45,1551.64,4.93,367.31,381.72,0.5164,-1,-1,-1
245,45,1547.34,4.98,371.72,387.26,0.5164,-1,-1,-1
246,45,1556.80,5.22,361.60,400.66,0.5164,-1,-1,-1
247,45,1576.58,5.36,342.97,417.86,0.5164,-1,-1,-1
248,45,1588.78,5.24,331.03,430.12,0.5164,-1,-1,-1
249,45,1609.37,5.64,309.67,461.54,0.5164,-1,-1,-1
250,45,1626.51,5.61,293.16,465.03,0.5164,-1,-1,-1
251,45,1649.42,4.36,269.80,478.77,0.5164,-1,-1,-1
252,45,1674.98,4.99,244.77,487.78,0.5164,-1,-1,-1
253,45,1698.30,4.92,221.58,493.24,0.5164,-1,-1,-1
254,45,1720.53,4.33,199.16,492.14,0.5164,-1,-1,-1
255,45,1741.56,2.99,178.44,492.69,0.5164,-1,-1,-1
256,45,1764.65,2.43,155.35,493.37,0.5164,-1,-1,-1
307,52,1535.78,7.00,383.78,570.59,0.9192,-1,-1,-1
308,52,1513.23,6.63,406.77,614.87,0.9192,-1,-1,-1
309,52,1510.53,5.61,409.11,622.17,0.9192,-1,-1,-1
310,52,1507.39,5.85,412.02,637.17,0.9192,-1,-1,-1
311,52,1494.20,6.15,424.73,649.09,0.9192,-1,-1,-1
312,52,1487.76,6.85,430.72,644.79,0.9192,-1,-1,-1
313,52,1487.21,6.99,431.21,658.36,0.9192,-1,-1,-1
314,52,1469.09,7.82,449.76,667.66,0.9192,-1,-1,-1
315,52,1431.94,8.34,487.46,683.94,0.9192,-1,-1,-1
316,52,1396.32,6.20,523.55,698.13,0.9192,-1,-1,-1
317,52,1399.73,6.09,519.97,678.03,0.9192,-1,-1,-1
318,52,1396.63,6.50,522.53,672.11,0.9192,-1,-1,-1
319,52,1360.98,9.16,558.15,697.82,0.9192,-1,-1,-1
320,52,1334.21,5.51,534.02,691.25,0.9192,-1,-1,-1
321,52,1322.22,4.79,506.43,680.18,0.9192,-1,-1,-1
322,53,1209.70,6.84,186.02,480.04,0.6254,-1,-1,-1
322,52,1301.39,4.88,487.57,679.80,0.9192,-1,-1,-1
323,53,1186.45,3.38,190.66,486.83,0.6254,-1,-1,-1
323,52,1284.44,4.72,470.16,677.25,0.9192,-1,-1,-1
324,53,1164.67,3.02,202.82,494.75,0.6254,-1,-1,-1
324,52,1278.10,5.68,451.31,675.87,0.9192,-1,-1,-1
325,52,1270.79,4.92,436.64,675.69,0.9192,-1,-1,-1
326,52,1265.58,5.87,420.25,664.35,0.9192,-1,-1,-1
327,52,1265.87,6.14,402.96,655.34,0.9192,-1,-1,-1
328,52,1259.96,7.48,395.34,638.58,0.9192,-1,-1,-1
329,53,1107.04,6.06,237.10,491.90,0.6254,-1,-1,-1
329,52,1254.28,4.64,383.61,628.79,0.9192,-1,-1,-1
330,53,1101.17,6.81,240.17,483.91,0.6254,-1,-1,-1
330,52,1248.04,6.67,384.64,619.91,0.9192,-1,-1,-1
331,52,1253.90,6.54,375.93,613.87,0.9192,-1,-1,-1
332,52,1254.47,7.99,369.56,600.31,0.9192,-1,-1,-1
335,55,46.69,760.34,146.30,190.83,0.5495,-1,-1,-1
336,55,33.87,749.24,152.63,200.24,0.5495,-1,-1,-1
336,52,1070.63,3.27,455.34,540.89,0.9192,-1,-1,-1
337,55,1.80,721.86,154.68,186.70,0.5495,-1,-1,-1
338,55,0.00,688.89,130.96,191.97,0.5495,-1,-1,-1
341,52,1047.41,3.78,465.63,462.98,0.9192,-1,-1,-1
342,52,1044.66,4.02,472.67,460.44,0.9192,-1,-1,-1
343,52,1044.38,3.96,479.33,465.69,0.9192,-1,-1,-1
344,52,1055.34,3.22,488.02,474.96,0.9192,-1,-1,-1
345,52,1058.84,3.40,495.10,463.63,0.9192,-1,-1,-1
346,52,1105.83,5.21,452.60,445.01,0.9192,-1,-1,-1
347,52,1102.13,5.85,462.43,437.51,0.9192,-1,-1,-1
348,52,1058.34,6.27,518.33,440.80,0.9192,-1,-1,-1
350,55,1.36,654.56,168.39,209.75,0.5495,-1,-1,-1
352,52,1162.66,5.20,392.01,432.78,0.9192,-1,-1,-1
353,52,1165.01,6.53,366.66,432.75,0.9192,-1,-1,-1
354,52,1053.84,3.22,448.21,442.54,0.9192,-1,-1,-1
355,52,1045.21,2.94,421.02,449.60,0.9192,-1,-1,-1
356,52,1073.66,4.67,374.39,438.14,0.9192,-1,-1,-1
357,52,1178.47,6.11,341.13,429.40,0.9192,-1,-1,-1
358,52,1231.11,6.26,335.34,439.03,0.9192,-1,-1,-1
359,52,1255.37,5.53,357.24,433.58,0.9192,-1,-1,-1
360,52,1276.24,4.51,366.58,425.89,0.9192,-1,-1,-1
361,52,1300.89,4.62,370.02,423.63,0.9192,-1,-1,-1
362,52,1326.07,5.33,380.33,421.16,0.9192,-1,-1,-1
367,52,1295.93,5.09,384.54,416.94,0.9192,-1,-1,-1
368,52,1305.35,5.82,389.79,418.91,0.9192,-1,-1,-1
369,52,1321.18,6.25,401.44,417.98,0.9192,-1,-1,-1
370,52,1290.83,3.88,451.55,423.40,0.9192,-1,-1,-1
371,52,1244.41,3.72,519.90,424.66,0.9192,-1,-1,-1
372,52,1229.37,2.69,561.60,429.39,0.9192,-1,-1,-1
377,52,1296.26,3.99,576.24,438.82,0.9192,-1,-1,-1
378,52,1318.84,1.79,551.81,432.50,0.9192,-1,-1,-1
379,52,1327.41,3.08,526.09,428.59,0.9192,-1,-1,-1
380,52,1319.53,2.76,498.01,419.48,0.9192,-1,-1,-1
384,69,1233.34,128.89,136.86,61.86,0.5700,-1,-1,-1
385,69,1214.74,126.70,151.19,60.49,0.5700,-1,-1,-1
387,64,199.49,501.77,147.02,116.39,0.5808,-1,-1,-1
388,64,182.93,508.76,145.64,109.08,0.5808,-1,-1,-1
389,70,494.22,492.69,152.43,125.93,0.5249,-1,-1,-1
390,68,671.72,486.84,141.38,179.18,0.6260,-1,-1,-1
391,68,674.07,482.19,149.45,167.38,0.6260,-1,-1,-1
392,68,676.30,480.56,147.24,157.86,0.6260,-1,-1,-1
392,52,1357.12,5.16,332.20,415.08,0.9192,-1,-1,-1
393,68,678.02,477.60,148.89,153.44,0.6260,-1,-1,-1
393,52,1338.93,4.39,334.61,417.39,0.9192,-1,-1,-1
394,52,1288.88,4.29,385.47,420.59,0.9192,-1,-1,-1
395,52,1251.17,5.06,440.75,424.40,0.9192,-1,-1,-1
396,52,1226.45,4.02,476.41,431.37,0.9192,-1,-1,-1
397,52,1214.99,4.47,509.79,433.38,0.9192,-1,-1,-1
398,68,669.41,501.92,138.81,133.05,0.6260,-1,-1,-1
398,52,1204.93,4.04,536.64,438.17,0.9192,-1,-1,-1
399,52,1174.69,2.24,580.51,446.85,0.9192,-1,-1,-1
400,52,1171.46,1.98,600.98,451.48,0.9192,-1,-1,-1
401,52,1174.41,2.55,614.10,451.04,0.9192,-1,-1,-1
402,52,1180.09,2.52,623.07,446.79,0.9192,-1,-1,-1
403,52,1197.90,1.83,622.61,448.68,0.9192,-1,-1,-1
404,52,1214.00,3.47,615.29,444.29,0.9192,-1,-1,-1
405,52,1229.35,3.50,597.00,445.07,0.9192,-1,-1,-1
406,52,1244.97,2.98,561.28,444.36,0.9192,-1,-1,-1
407,52,1258.89,4.85,518.75,430.20,0.9192,-1,-1,-1
408,52,1274.73,3.93,459.44,424.92,0.9192,-1,-1,-1
409,52,1283.28,5.29,390.76,418.71,0.9192,-1,-1,-1
410,52,1292.44,5.87,321.60,399.95,0.9192,-1,-1,-1
411,52,1286.85,5.22,263.04,397.53,0.9192,-1,-1,-1
416,52,1194.94,3.59,501.92,380.82,0.9192,-1,-1,-1
417,52,1241.94,2.17,507.50,384.71,0.9192,-1,-1,-1
418,52,1276.26,1.96,515.97,382.24,0.9192,-1,-1,-1
419,52,1315.61,2.26,521.65,382.55,0.9192,-1,-1,-1
420,52,1341.37,5.78,516.96,386.46,0.9192,-1,-1,-1
421,52,1364.52,5.44,504.22,388.29,0.9192,-1,-1,-1
422,52,1394.88,4.99,484.01,387.86,0.9192,-1,-1,-1
426,52,1584.56,3.86,310.48,366.74,0.9192,-1,-1,-1
427,52,1611.03,4.67,302.40,375.75,0.9192,-1,-1,-1
428,52,1567.18,6.33,351.27,378.15,0.9192,-1,-1,-1
438,52,1665.59,8.96,254.22,402.20,0.9192,-1,-1,-1
439,52,1701.97,9.95,217.91,416.55,0.9192,-1,-1,-1
440,52,1596.93,4.54,322.29,433.68,0.9192,-1,-1,-1
441,52,1623.17,7.59,189.06,335.95,0.9192,-1,-1,-1
442,52,1591.96,7.34,258.03,340.49,0.9192,-1,-1,-1
446,75,1625.55,5.94,294.34,446.80,0.5541,-1,-1,-1
447,75,1653.50,6.94,266.15,451.38,0.5541,-1,-1,-1
448,75,1682.09,6.75,237.90,467.02,0.5541,-1,-1,-1
449,75,1710.18,4.77,209.60,467.12,0.5541,-1,-1,-1
450,75,1732.39,4.21,187.13,474.26,0.5541,-1,-1,-1
469,74,1735.92,4.10,183.60,448.93,0.6274,-1,-1,-1
470,74,1708.89,3.21,211.06,466.52,0.6274,-1,-1,-1
471,74,1699.54,4.72,220.46,464.61,0.6274,-1,-1,-1
472,74,1685.92,2.58,234.08,572.62,0.6274,-1,-1,-1
473,74,1693.38,3.31,226.62,584.01,0.6274,-1,-1,-1
474,74,1683.77,3.64,235.88,589.15,0.6274,-1,-1,-1
475,74,1644.63,5.35,273.82,579.68,0.6274,-1,-1,-1
476,74,1645.22,3.16,274.10,588.54,0.6274,-1,-1,-1
477,84,877.74,573.61,76.72,98.14,0.5584,-1,-1,-1
477,74,1646.82,4.03,272.62,600.66,0.6274,-1,-1,-1
478,74,1653.11,4.89,266.26,615.93,0.6274,-1,-1,-1
479,74,1660.79,6.04,258.43,615.69,0.6274,-1,-1,-1
480,74,1660.12,5.03,259.51,618.16,0.6274,-1,-1,-1
481,74,1643.79,2.82,275.59,624.44,0.6274,-1,-1,-1
482,74,1617.98,1.98,300.77,629.67,0.6274,-1,-1,-1
483,74,1577.77,2.57,341.80,631.01,0.6274,-1,-1,-1
484,74,1520.20,2.33,399.18,626.96,0.6274,-1,-1,-1
485,74,1471.88,2.07,446.65,629.87,0.6274,-1,-1,-1
486,74,1454.99,2.23,463.54,638.57,0.6274,-1,-1,-1
487,74,1458.09,2.67,460.45,649.69,0.6274,-1,-1,-1
488,74,1462.58,1.72,455.96,655.34,0.6274,-1,-1,-1
489,74,1468.35,1.88,449.95,643.63,0.6274,-1,-1,-1
490,82,1122.06,653.32,90.45,95.83,0.5683,-1,-1,-1
490,74,1468.69,3.19,449.37,636.22,0.6274,-1,-1,-1
491,74,1465.53,3.26,452.29,631.70,0.6274,-1,-1,-1
492,74,1459.48,2.96,455.41,627.56,0.6274,-1,-1,-1
493,86,1159.34,687.43,105.16,111.87,0.5780,-1,-1,-1
493,74,1450.73,3.26,422.38,609.23,0.6274,-1,-1,-1
494,92,871.30,618.91,79.78,90.97,0.7151,-1,-1,-1
494,90,1344.70,715.44,111.59,100.48,0.6534,-1,-1,-1
494,86,1146.54,681.06,105.29,117.05,0.5780,-1,-1,-1
494,74,1412.61,4.60,413.54,597.54,0.6274,-1,-1,-1
495,74,1454.60,4.72,345.08,586.37,0.6274,-1,-1,-1
496,74,1449.56,2.95,332.71,578.15,0.6274,-1,-1,-1
497,74,1440.93,3.90,328.65,569.91,0.6274,-1,-1,-1
498,90,1259.09,687.62,108.28,96.58,0.6534,-1,-1,-1
498,74,1421.67,3.76,335.23,563.46,0.6274,-1,-1,-1
499,90,1241.51,680.73,110.83,105.93,0.6534,-1,-1,-1
499,74,1361.51,5.17,378.97,557.90,0.6274,-1,-1,-1
500,74,1313.25,5.52,416.85,550.60,0.6274,-1,-1,-1
501,74,1276.93,2.99,434.56,548.48,0.6274,-1,-1,-1
502,85,1140.01,706.07,102.91,122.99,0.6173,-1,-1,-1
502,74,1259.04,3.04,444.66,549.36,0.6274,-1,-1,-1
503,93,892.09,628.09,87.94,94.86,0.6649,-1,-1,-1
503,90,1196.72,660.55,97.26,95.54,0.6534,-1,-1,-1
503,88,945.72,678.07,102.04,104.33,0.5379,-1,-1,-1
503,85,1145.82,707.69,101.45,125.38,0.6173,-1,-1,-1
503,74,1258.08,5.29,428.28,545.34,0.6274,-1,-1,-1
504,74,1254.96,4.25,406.05,543.87,0.6274,-1,-1,-1
505,74,1247.59,5.18,389.41,544.27,0.6274,-1,-1,-1
506,74,1247.16,4.75,367.56,544.96,0.6274,-1,-1,-1
507,74,1248.31,4.56,347.12,550.65,0.6274,-1,-1,-1
508,74,1251.10,3.34,332.43,554.20,0.6274,-1,-1,-1
509,90,1092.39,652.08,92.71,96.57,0.6534,-1,-1,-1
509,85,1057.68,702.82,109.47,111.91,0.6173,-1,-1,-1
509,74,1220.30,3.01,355.03,561.81,0.6274,-1,-1,-1
510,74,1241.61,2.50,322.54,568.75,0.6274,-1,-1,-1
511,74,1241.16,1.85,305.88,575.25,0.6274,-1,-1,-1
512,74,1186.45,2.92,345.65,575.38,0.6274,-1,-1,-1
513,86,919.63,656.62,88.92,102.38,0.5780,-1,-1,-1
513,74,1131.71,4.29,385.13,578.12,0.6274,-1,-1,-1
514,86,908.08,654.25,108.58,105.83,0.5780,-1,-1,-1
514,85,980.69,720.38,102.90,105.25,0.6173,-1,-1,-1
514,74,1097.64,6.77,406.65,579.90,0.6274,-1,-1,-1
515,90,1019.71,650.69,82.97,102.91,0.6534,-1,-1,-1
515,86,902.17,651.36,95.98,111.92,0.5780,-1,-1,-1
515,85,969.68,716.83,105.70,111.35,0.6173,-1,-1,-1
515,74,1091.30,4.50,396.28,587.16,0.6274,-1,-1,-1
516,100,696.25,640.65,84.43,92.31,0.6392,-1,-1,-1
516,90,1013.27,648.23,76.38,99.77,0.6534,-1,-1,-1
516,85,963.83,711.96,101.09,106.43,0.6173,-1,-1,-1
516,74,1093.23,2.54,385.03,589.93,0.6274,-1,-1,-1
517,100,692.73,636.37,77.84,94.62,0.6392,-1,-1,-1
517,90,1010.15,643.34,76.54,104.87,0.6534,-1,-1,-1
517,85,952.10,718.95,97.55,104.76,0.6173,-1,-1,-1
517,74,1093.09,3.72,370.38,590.06,0.6274,-1,-1,-1
518,74,1094.38,3.77,363.29,590.38,0.6274,-1,-1,-1
519,74,1096.79,3.52,352.16,587.91,0.6274,-1,-1,-1
520,74,1102.55,2.26,335.95,582.72,0.6274,-1,-1,-1
521,100,679.37,619.56,74.52,98.05,0.6392,-1,-1,-1
521,90,996.83,638.72,82.84,96.82,0.6534,-1,-1,-1
521,88,764.89,649.44,88.35,92.96,0.5379,-1,-1,-1
521,85,927.73,696.73,86.44,119.82,0.6173,-1,-1,-1
521,74,1109.77,2.65,325.82,574.89,0.6274,-1,-1,-1
522,100,682.38,617.96,77.08,86.53,0.6392,-1,-1,-1
522,90,1000.84,641.06,79.34,92.45,0.6534,-1,-1,-1
522,88,767.88,651.97,83.53,98.39,0.5379,-1,-1,-1
522,85,930.69,685.26,81.58,111.87,0.6173,-1,-1,-1
522,74,1115.42,3.28,312.43,560.51,0.6274,-1,-1,-1
523,100,683.60,614.17,78.74,91.48,0.6392,-1,-1,-1
523,90,1005.50,639.63,86.63,90.96,0.6534,-1,-1,-1
523,88,771.24,640.90,84.94,104.19,0.5379,-1,-1,-1
523,86,858.50,632.92,85.75,108.68,0.5780,-1,-1,-1
523,85,938.02,686.79,86.08,122.57,0.6173,-1,-1,-1
523,74,1093.16,2.75,304.75,551.28,0.6274,-1,-1,-1
524,74,1059.81,2.79,338.18,545.86,0.6274,-1,-1,-1
525,74,1046.32,2.16,355.53,542.61,0.6274,-1,-1,-1
526,74,1034.97,1.90,364.32,539.05,0.6274,-1,-1,-1
527,74,1030.20,2.51,379.35,536.66,0.6274,-1,-1,-1
528,99,557.47,552.20,87.79,89.78,0.7087,-1,-1,-1
528,74,1008.52,1.96,400.84,538.26,0.6274,-1,-1,-1
529,99,562.56,558.94,78.45,92.52,0.7087,-1,-1,-1
529,74,1002.24,2.44,400.68,538.12,0.6274,-1,-1,-1
530,99,559.95,556.98,81.81,97.63,0.7087,-1,-1,-1
530,74,1006.59,2.49,400.72,538.70,0.6274,-1,-1,-1
531,99,559.09,562.43,87.45,97.46,0.7087,-1,-1,-1
531,88,784.80,638.99,96.24,102.40,0.5379,-1,-1,-1
531,86,858.73,618.81,96.51,102.12,0.5780,-1,-1,-1
531,74,1013.58,2.46,389.90,541.05,0.6274,-1,-1,-1
532,74,1024.09,2.77,376.48,542.04,0.6274,-1,-1,-1
533,85,981.22,683.66,106.41,123.91,0.6173,-1,-1,-1
533,74,1032.87,2.64,362.71,542.80,0.6274,-1,-1,-1
534,74,1044.53,2.87,344.03,543.47,0.6274,-1,-1,-1
535,74,1053.69,2.59,321.23,548.29,0.6274,-1,-1,-1
536,74,1060.86,3.70,321.29,549.99,0.6274,-1,-1,-1
537,74,1061.73,3.60,321.81,554.91,0.6274,-1,-1,-1
538,74,1053.83,3.87,345.57,556.07,0.6274,-1,-1,-1
539,74,1106.78,3.04,289.97,558.09,0.6274,-1,-1,-1
540,74,1108.72,3.25,277.59,559.96,0.6274,-1,-1,-1
541,74,1073.98,3.52,299.70,556.11,0.6274,-1,-1,-1
542,74,1044.81,4.12,331.71,558.34,0.6274,-1,-1,-1
543,74,1018.99,5.10,356.45,560.68,0.6274,-1,-1,-1
544,74,1006.17,4.83,364.26,564.11,0.6274,-1,-1,-1
545,74,1002.98,2.63,367.46,569.08,0.6274,-1,-1,-1
546,74,999.43,1.96,371.25,575.33,0.6274,-1,-1,-1
547,74,1004.26,1.73,376.67,582.79,0.6274,-1,-1,-1
548,74,1009.40,2.86,380.90,590.52,0.6274,-1,-1,-1
549,74,1019.04,7.80,384.58,596.43,0.6274,-1,-1,-1
550,74,1030.54,8.12,379.76,599.14,0.6274,-1,-1,-1
551,74,1038.56,5.72,375.98,602.00,0.6274,-1,-1,-1
552,74,1051.92,5.54,358.01,606.58,0.6274,-1,-1,-1
553,74,1059.65,8.15,337.50,595.97,0.6274,-1,-1,-1
554,74,1070.55,8.06,307.92,588.25,0.6274,-1,-1,-1
558,74,1060.22,8.89,312.27,579.93,0.6274,-1,-1,-1
559,74,1009.80,1.65,359.46,589.78,0.6274,-1,-1,-1
560,74,991.28,1.16,376.63,585.88,0.6274,-1,-1,-1
561,74,1006.24,5.08,361.43,582.66,0.6274,-1,-1,-1
562,74,1021.03,12.49,350.47,574.98,0.6274,-1,-1,-1
563,74,1039.68,13.73,345.49,572.36,0.6274,-1,-1,-1
564,74,1057.42,14.41,338.89,568.95,0.6274,-1,-1,-1
565,74,1072.32,11.19,335.43,569.79,0.6274,-1,-1,-1
566,74,1090.82,7.00,318.80,574.84,0.6274,-1,-1,-1
567,74,1108.14,6.73,301.03,575.66,0.6274,-1,-1,-1
568,74,1112.33,3.68,291.48,578.59,0.6274,-1,-1,-1
569,74,1100.10,3.56,306.49,584.32,0.6274,-1,-1,-1
570,74,1137.78,6.23,276.38,587.06,0.6274,-1,-1,-1
571,74,1155.16,6.93,256.68,583.45,0.6274,-1,-1,-1
572,74,1151.90,3.43,249.50,585.69,0.6274,-1,-1,-1
573,74,1114.09,4.47,283.48,590.78,0.6274,-1,-1,-1
574,116,1088.95,33.23,98.54,377.63,0.6918,-1,-1,-1
574,74,1097.12,4.00,303.64,591.45,0.6274,-1,-1,-1
575,116,1090.59,32.25,103.74,379.21,0.6918,-1,-1,-1
575,74,1075.33,3.85,330.80,598.71,0.6274,-1,-1,-1
576,116,1092.94,31.06,106.51,381.13,0.6918,-1,-1,-1
576,74,1066.02,2.11,343.03,601.43,0.6274,-1,-1,-1
577,116,1091.01,28.58,113.92,379.81,0.6918,-1,-1,-1
577,74,1069.27,3.05,349.39,602.80,0.6274,-1,-1,-1
578,116,1075.10,26.65,134.84,384.01,0.6918,-1,-1,-1
578,74,1080.58,3.73,352.92,606.25,0.6274,-1,-1,-1
579,116,1061.85,21.09,152.72,384.83,0.6918,-1,-1,-1
579,74,1093.16,3.96,364.24,602.11,0.6274,-1,-1,-1
580,116,1058.80,16.23,165.24,383.13,0.6918,-1,-1,-1
580,74,1114.29,3.55,368.65,596.12,0.6274,-1,-1,-1
581,116,1057.03,12.49,174.30,382.75,0.6918,-1,-1,-1
581,74,1134.97,2.56,364.60,594.08,0.6274,-1,-1,-1
582,116,1063.26,10.00,175.77,382.07,0.6918,-1,-1,-1
582,74,1151.68,2.91,368.91,589.12,0.6274,-1,-1,-1
583,116,1065.61,8.40,180.37,379.69,0.6918,-1,-1,-1
583,74,1167.51,2.80,367.95,584.12,0.6274,-1,-1,-1
584,116,1076.28,6.57,182.18,380.22,0.6918,-1,-1,-1
584,74,1186.06,2.95,355.10,582.66,0.6274,-1,-1,-1
585,116,1085.76,6.30,176.81,380.03,0.6918,-1,-1,-1
585,74,1203.86,3.72,334.46,576.55,0.6274,-1,-1,-1
586,116,1068.96,3.75,191.64,380.02,0.6918,-1,-1,-1
586,74,1219.95,5.52,301.70,568.43,0.6274,-1,-1,-1
587,116,1084.77,4.87,174.06,380.36,0.6918,-1,-1,-1
587,74,1228.65,3.97,283.10,566.08,0.6274,-1,-1,-1
588,116,1102.31,4.09,157.04,379.23,0.6918,-1,-1,-1
588,74,1229.71,4.50,297.28,565.43,0.6274,-1,-1,-1
589,116,1126.18,3.57,138.01,383.02,0.6918,-1,-1,-1
589,74,1236.15,4.62,309.68,569.74,0.6274,-1,-1,-1
590,116,1140.20,4.92,138.30,382.44,0.6918,-1,-1,-1
590,74,1216.16,2.91,344.54,571.75,0.6274,-1,-1,-1
591,116,1141.23,4.04,137.35,382.22,0.6918,-1,-1,-1
591,74,1180.49,2.51,382.77,567.19,0.6274,-1,-1,-1
592,116,1134.50,3.00,139.80,377.91,0.6918,-1,-1,-1
592,74,1144.50,3.38,419.19,565.89,0.6274,-1,-1,-1
593,116,1121.34,5.08,160.96,376.79,0.6918,-1,-1,-1
593,74,1130.31,2.20,439.70,570.65,0.6274,-1,-1,-1
594,116,1115.01,4.89,170.82,382.47,0.6918,-1,-1,-1
594,74,1144.58,2.28,430.61,580.98,0.6274,-1,-1,-1
595,116,1119.32,5.16,166.52,382.28,0.6918,-1,-1,-1
595,74,1161.47,2.73,416.04,581.63,0.6274,-1,-1,-1
596,116,1125.45,5.43,146.19,379.54,0.6918,-1,-1,-1
596,74,1176.46,3.36,397.70,572.85,0.6274,-1,-1,-1
597,116,1136.68,6.22,138.69,378.20,0.6918,-1,-1,-1
597,74,1191.60,3.82,384.87,571.79,0.6274,-1,-1,-1
598,116,1151.47,6.94,130.10,378.75,0.6918,-1,-1,-1
598,74,1204.68,4.64,382.59,575.64,0.6274,-1,-1,-1
599,116,1160.07,7.08,121.40,379.92,0.6918,-1,-1,-1
599,74,1223.40,4.15,367.34,579.46,0.6274,-1,-1,-1
600,116,1166.88,7.42,119.20,380.32,0.6918,-1,-1,-1
600,74,1242.29,4.57,348.12,584.28,0.6274,-1,-1,-1
601,74,1256.15,5.87,332.07,581.64,0.6274,-1,-1,-1
606,74,1260.45,3.98,380.69,602.16,0.6274,-1,-1,-1
607,74,1228.17,5.12,417.43,601.40,0.6274,-1,-1,-1
608,74,1202.16,5.41,449.11,605.10,0.6274,-1,-1,-1
609,116,1094.72,2.01,171.98,360.71,0.6918,-1,-1,-1
609,74,1190.76,4.63,463.66,608.84,0.6274,-1,-1,-1
610,116,1089.11,1.88,169.80,361.02,0.6918,-1,-1,-1
610,74,1192.12,4.73,460.36,612.81,0.6274,-1,-1,-1
611,116,1091.12,1.78,164.30,362.26,0.6918,-1,-1,-1
611,74,1198.97,4.08,456.34,618.10,0.6274,-1,-1,-1
612,116,1104.18,2.79,153.18,365.24,0.6918,-1,-1,-1
612,74,1209.78,4.26,460.44,621.74,0.6274,-1,-1,-1
613,116,1113.87,2.71,154.25,366.92,0.6918,-1,-1,-1
613,74,1221.20,2.52,463.62,625.15,0.6274,-1,-1,-1
614,116,1120.46,2.93,148.24,367.50,0.6918,-1,-1,-1
614,74,1235.51,2.50,468.97,630.30,0.6274,-1,-1,-1
615,116,1130.23,4.09,134.61,368.25,0.6918,-1,-1,-1
615,74,1253.60,2.73,462.99,634.16,0.6274,-1,-1,-1
616,116,1133.02,5.61,131.37,369.01,0.6918,-1,-1,-1
616,74,1269.19,2.97,444.52,632.27,0.6274,-1,-1,-1
617,116,1126.76,6.89,137.33,368.38,0.6918,-1,-1,-1
617,74,1279.21,3.45,416.52,627.24,0.6274,-1,-1,-1
618,116,1123.35,9.86,137.74,366.73,0.6918,-1,-1,-1
618,74,1293.68,4.41,380.93,616.30,0.6274,-1,-1,-1
619,116,1112.91,14.05,146.72,365.51,0.6918,-1,-1,-1
619,74,1311.85,3.94,337.75,613.45,0.6274,-1,-1,-1
620,116,1102.20,16.75,154.58,366.31,0.6918,-1,-1,-1
620,74,1319.69,5.80,330.71,611.33,0.6274,-1,-1,-1
621,116,1096.43,23.41,146.19,361.37,0.6918,-1,-1,-1
621,74,1313.26,6.45,340.98,612.00,0.6274,-1,-1,-1
622,116,1097.23,26.21,149.21,360.30,0.6918,-1,-1,-1
622,74,1306.31,2.73,350.55,615.84,0.6274,-1,-1,-1
623,116,1099.81,34.82,148.43,357.92,0.6918,-1,-1,-1
623,74,1251.56,2.53,412.24,625.37,0.6274,-1,-1,-1
624,116,1101.30,37.79,146.22,358.52,0.6918,-1,-1,-1
624,74,1200.97,4.79,461.27,627.93,0.6274,-1,-1,-1
625,116,1100.97,39.92,142.85,359.36,0.6918,-1,-1,-1
625,74,1175.22,5.19,486.48,633.93,0.6274,-1,-1,-1
626,116,1100.12,47.31,136.79,357.93,0.6918,-1,-1,-1
626,74,1165.07,13.58,493.83,635.68,0.6274,-1,-1,-1
627,116,1094.37,52.81,128.57,348.93,0.6918,-1,-1,-1
627,74,1173.44,11.21,469.19,640.62,0.6274,-1,-1,-1
628,116,1089.05,51.21,128.11,351.48,0.6918,-1,-1,-1
628,74,1179.48,17.76,456.71,636.78,0.6274,-1,-1,-1
629,116,1088.27,51.25,124.42,354.33,0.6918,-1,-1,-1
629,74,1189.36,3.32,451.84,650.58,0.6274,-1,-1,-1
630,116,1077.48,54.32,126.10,353.50,0.6918,-1,-1,-1
630,74,1197.63,1.65,449.09,649.30,0.6274,-1,-1,-1
631,116,1062.51,54.83,133.92,353.40,0.6918,-1,-1,-1
631,74,1207.56,4.41,436.04,650.71,0.6274,-1,-1,-1
632,116,1035.61,63.03,155.14,349.25,0.6918,-1,-1,-1
632,74,1203.16,3.97,419.74,650.01,0.6274,-1,-1,-1
633,116,1021.22,64.68,163.34,349.28,0.6918,-1,-1,-1
633,74,1181.04,2.81,406.82,650.48,0.6274,-1,-1,-1
634,116,1015.26,68.91,166.56,346.38,0.6918,-1,-1,-1
634,74,1165.52,2.79,398.08,658.03,0.6274,-1,-1,-1
635,116,1019.75,73.48,165.31,345.09,0.6918,-1,-1,-1
635,74,1153.08,1.80,410.44,666.45,0.6274,-1,-1,-1
636,116,1022.51,78.57,164.05,340.81,0.6918,-1,-1,-1
636,74,1140.44,0.83,426.40,672.38,0.6274,-1,-1,-1
637,116,1025.63,79.94,156.85,340.63,0.6918,-1,-1,-1
637,74,1133.12,1.11,433.59,672.85,0.6274,-1,-1,-1
638,116,1027.93,78.70,145.57,338.48,0.6918,-1,-1,-1
638,74,1217.07,2.15,344.39,668.41,0.6274,-1,-1,-1
639,116,1030.07,78.03,132.62,336.72,0.6918,-1,-1,-1
639,74,1181.12,0.87,380.43,670.47,0.6274,-1,-1,-1
640,116,1027.76,78.41,123.38,338.46,0.6918,-1,-1,-1
640,74,1154.40,1.23,406.27,672.77,0.6274,-1,-1,-1
641,116,1026.43,78.17,118.58,338.54,0.6918,-1,-1,-1
641,74,1144.86,1.55,411.29,672.27,0.6274,-1,-1,-1
642,116,1029.82,77.95,115.10,340.74,0.6918,-1,-1,-1
642,74,1148.14,2.14,406.94,675.04,0.6274,-1,-1,-1
643,116,1028.18,79.88,115.16,340.27,0.6918,-1,-1,-1
643,74,1157.52,1.22,412.73,675.61,0.6274,-1,-1,-1
644,116,1031.04,83.06,110.06,337.74,0.6918,-1,-1,-1
644,74,1148.89,2.45,427.23,673.03,0.6274,-1,-1,-1
645,116,1027.27,87.33,115.46,334.12,0.6918,-1,-1,-1
645,74,1122.23,3.55,447.43,671.95,0.6274,-1,-1,-1
646,116,1022.66,88.03,127.16,333.02,0.6918,-1,-1,-1
646,74,1131.33,4.56,425.79,670.39,0.6274,-1,-1,-1
647,116,1022.23,89.49,140.06,330.71,0.6918,-1,-1,-1
647,74,1139.64,2.56,390.80,646.60,0.6274,-1,-1,-1
648,116,1016.53,89.96,140.07,329.25,0.6918,-1,-1,-1
648,74,1139.32,2.90,362.31,633.26,0.6274,-1,-1,-1
649,116,1014.53,91.07,126.50,326.19,0.6918,-1,-1,-1
649,74,1128.94,1.36,360.10,622.28,0.6274,-1,-1,-1
650,116,1014.24,89.23,113.98,325.19,0.6918,-1,-1,-1
650,74,1153.40,3.27,325.29,622.17,0.6274,-1,-1,-1
651,116,997.84,87.61,121.17,325.47,0.6918,-1,-1,-1
651,74,1160.27,15.24,320.14,608.20,0.6274,-1,-1,-1
652,116,995.53,86.75,113.54,320.02,0.6918,-1,-1,-1
652,74,1110.35,7.88,365.84,620.43,0.6274,-1,-1,-1
653,116,993.50,83.60,114.99,322.80,0.6918,-1,-1,-1
653,74,1064.96,4.12,405.92,624.00,0.6274,-1,-1,-1
654,116,994.06,80.85,113.58,325.30,0.6918,-1,-1,-1
654,74,1033.02,4.56,432.50,626.39,0.6274,-1,-1,-1
655,116,995.28,81.17,114.11,324.45,0.6918,-1,-1,-1
655,74,1024.09,2.11,436.98,631.51,0.6274,-1,-1,-1
656,116,991.84,81.70,119.90,322.04,0.6918,-1,-1,-1
656,74,1036.64,2.13,431.37,631.79,0.6274,-1,-1,-1
657,116,980.74,81.23,132.77,322.85,0.6918,-1,-1,-1
657,74,1042.78,1.32,438.26,629.04,0.6274,-1,-1,-1
658,116,975.06,84.33,137.82,319.53,0.6918,-1,-1,-1
658,74,1057.10,1.85,437.32,621.84,0.6274,-1,-1,-1
659,116,976.20,86.62,138.96,316.46,0.6918,-1,-1,-1
659,74,1070.39,2.41,424.70,620.67,0.6274,-1,-1,-1
660,116,983.08,88.59,135.10,314.68,0.6918,-1,-1,-1
660,74,1086.62,4.11,399.95,615.23,0.6274,-1,-1,-1
661,116,989.02,88.01,130.54,314.31,0.6918,-1,-1,-1
661,74,1096.95,5.28,373.54,607.93,0.6274,-1,-1,-1
662,116,993.41,89.09,127.70,313.57,0.6918,-1,-1,-1
662,74,1117.33,8.69,330.12,607.77,0.6274,-1,-1,-1
663,116,995.29,91.41,123.35,310.50,0.6918,-1,-1,-1
663,74,1129.55,8.84,293.76,609.42,0.6274,-1,-1,-1
664,116,998.00,91.53,119.50,308.72,0.6918,-1,-1,-1
664,74,1144.31,4.71,282.03,618.21,0.6274,-1,-1,-1
665,116,1000.21,91.76,114.34,307.82,0.6918,-1,-1,-1
665,74,1156.13,5.08,272.78,623.33,0.6274,-1,-1,-1
666,116,997.29,90.62,114.44,308.81,0.6918,-1,-1,-1
666,74,1142.51,3.99,285.44,628.23,0.6274,-1,-1,-1
667,116,998.34,91.26,114.64,308.49,0.6918,-1,-1,-1
667,74,1101.23,3.35,325.03,628.66,0.6274,-1,-1,-1
668,116,991.88,90.57,114.51,308.00,0.6918,-1,-1,-1
668,74,1064.81,5.74,358.15,628.99,0.6274,-1,-1,-1
669,116,995.22,91.01,112.19,305.33,0.6918,-1,-1,-1
669,74,1042.99,3.11,375.43,634.15,0.6274,-1,-1,-1
670,116,988.68,89.78,116.99,306.04,0.6918,-1,-1,-1
670,74,1038.38,3.78,377.21,637.17,0.6274,-1,-1,-1
671,116,986.21,91.23,112.19,304.24,0.6918,-1,-1,-1
671,74,1044.18,3.19,378.49,637.96,0.6274,-1,-1,-1
672,116,989.81,90.80,108.52,302.90,0.6918,-1,-1,-1
672,74,1054.20,5.78,382.73,635.13,0.6274,-1,-1,-1
673,116,994.34,91.06,105.15,303.82,0.6918,-1,-1,-1
673,74,1061.85,4.34,390.59,637.83,0.6274,-1,-1,-1
674,116,996.95,91.80,107.57,301.69,0.6918,-1,-1,-1
674,74,1054.80,3.42,402.60,637.71,0.6274,-1,-1,-1
675,131,624.73,685.58,168.82,121.98,0.5780,-1,-1,-1
675,116,997.45,89.93,108.36,298.45,0.6918,-1,-1,-1
675,74,1069.04,4.37,388.97,634.98,0.6274,-1,-1,-1
676,131,627.30,681.25,180.83,133.90,0.5780,-1,-1,-1
676,116,1000.35,89.29,107.96,299.31,0.6918,-1,-1,-1
676,74,1095.88,4.56,355.64,633.61,0.6274,-1,-1,-1
677,116,1002.96,87.59,111.23,301.26,0.6918,-1,-1,-1
677,74,1111.70,4.47,324.04,621.70,0.6274,-1,-1,-1
678,116,1005.86,86.44,110.40,301.12,0.6918,-1,-1,-1
678,74,1130.42,4.11,289.81,610.00,0.6274,-1,-1,-1
679,116,1003.18,86.20,110.30,297.81,0.6918,-1,-1,-1
679,74,1148.16,2.86,273.99,602.58,0.6274,-1,-1,-1
680,116,986.54,80.61,128.69,300.30,0.6918,-1,-1,-1
680,74,1145.14,2.93,282.56,591.80,0.6274,-1,-1,-1
681,116,983.50,80.57,132.42,297.72,0.6918,-1,-1,-1
681,74,1144.09,7.49,287.24,584.45,0.6274,-1,-1,-1
682,116,983.67,79.04,129.78,297.17,0.6918,-1,-1,-1
682,74,1117.69,9.97,317.49,576.43,0.6274,-1,-1,-1
683,116,991.39,79.21,124.23,293.70,0.6918,-1,-1,-1
683,74,1085.76,9.07,355.35,575.29,0.6274,-1,-1,-1
684,116,996.41,73.87,121.69,296.55,0.6918,-1,-1,-1
684,74,1057.36,10.72,389.65,575.81,0.6274,-1,-1,-1
685,141,1017.35,761.93,142.72,132.07,0.5339,-1,-1,-1
685,137,1146.16,811.19,134.43,119.98,0.5452,-1,-1,-1
685,116,996.57,74.03,119.73,295.37,0.6918,-1,-1,-1
685,74,1033.83,6.90,408.29,582.96,0.6274,-1,-1,-1
686,137,1139.82,809.72,150.77,122.48,0.5452,-1,-1,-1
686,116,993.57,68.52,121.99,294.72,0.6918,-1,-1,-1
686,74,1017.71,5.51,418.33,584.04,0.6274,-1,-1,-1
687,137,1141.53,811.72,161.30,126.17,0.5452,-1,-1,-1
687,116,993.45,65.68,118.16,292.33,0.6918,-1,-1,-1
687,74,1018.56,9.94,411.03,580.16,0.6274,-1,-1,-1
688,137,1154.51,812.74,159.20,129.29,0.5452,-1,-1,-1
688,116,991.21,62.98,117.34,292.50,0.6918,-1,-1,-1
688,74,1025.67,14.94,404.27,575.56,0.6274,-1,-1,-1
689,139,689.16,668.13,164.71,168.42,0.5460,-1,-1,-1
689,116,994.70,60.61,113.13,293.08,0.6918,-1,-1,-1
689,74,1034.48,14.13,406.45,576.82,0.6274,-1,-1,-1
690,143,863.83,748.17,145.25,133.70,0.5793,-1,-1,-1
690,139,669.90,667.68,189.12,172.27,0.5460,-1,-1,-1
690,116,991.40,58.33,114.39,295.48,0.6918,-1,-1,-1
690,74,1041.17,5.85,412.39,583.46,0.6274,-1,-1,-1
691,144,1321.54,893.61,162.28,127.41,0.7057,-1,-1,-1
691,143,861.46,745.81,152.65,140.04,0.5793,-1,-1,-1
691,141,998.59,773.28,194.03,167.26,0.5339,-1,-1,-1
691,116,990.39,58.35,114.38,295.27,0.6918,-1,-1,-1
691,74,1052.84,7.23,408.45,577.31,0.6274,-1,-1,-1
692,144,1329.02,894.61,172.51,132.41,0.7057,-1,-1,-1
692,143,856.91,742.02,150.35,141.06,0.5793,-1,-1,-1
692,116,989.87,58.31,116.17,294.63,0.6918,-1,-1,-1
692,74,1060.62,6.02,398.82,575.06,0.6274,-1,-1,-1
693,116,992.84,57.91,117.09,294.53,0.6918,-1,-1,-1
693,74,1071.49,6.51,377.12,573.68,0.6274,-1,-1,-1
694,116,994.93,58.32,119.66,293.15,0.6918,-1,-1,-1
694,74,1078.82,6.87,351.01,561.42,0.6274,-1,-1,-1
695,116,992.15,58.88,109.79,292.50,0.6918,-1,-1,-1
695,74,1084.92,8.44,318.92,550.92,0.6274,-1,-1,-1
696,116,990.49,58.60,109.81,290.84,0.6918,-1,-1,-1
696,74,1093.57,9.55,279.14,547.68,0.6274,-1,-1,-1
697,116,984.79,55.11,112.70,288.93,0.6918,-1,-1,-1
698,144,1419.08,877.81,154.12,156.59,0.7057,-1,-1,-1
698,116,983.45,52.75,109.19,287.30,0.6918,-1,-1,-1
699,116,981.83,50.63,107.32,290.10,0.6918,-1,-1,-1
700,116,980.38,52.44,109.23,285.03,0.6918,-1,-1,-1
701,116,974.95,53.26,107.02,284.75,0.6918,-1,-1,-1
702,116,965.24,52.71,117.12,285.77,0.6918,-1,-1,-1
702,74,1021.73,9.31,342.82,556.88,0.6274,-1,-1,-1
703,116,956.66,52.45,101.16,284.99,0.6918,-1,-1,-1
703,74,998.99,14.53,343.18,555.35,0.6274,-1,-1,-1
704,116,946.53,53.28,115.68,283.22,0.6918,-1,-1,-1
704,74,988.17,11.67,343.74,560.35,0.6274,-1,-1,-1
705,116,929.55,55.52,122.66,281.83,0.6918,-1,-1,-1
705,74,979.79,5.71,343.89,567.95,0.6274,-1,-1,-1
706,116,910.26,56.91,135.11,280.77,0.6918,-1,-1,-1
706,74,978.19,10.52,343.25,566.95,0.6274,-1,-1,-1
707,116,902.78,60.72,133.32,278.15,0.6918,-1,-1,-1
707,74,979.19,6.27,347.54,572.00,0.6274,-1,-1,-1
708,116,898.02,62.85,129.15,277.27,0.6918,-1,-1,-1
708,74,981.30,5.58,344.05,571.66,0.6274,-1,-1,-1
709,116,892.82,63.95,127.97,276.07,0.6918,-1,-1,-1
709,74,984.04,5.47,341.03,569.41,0.6274,-1,-1,-1
710,116,880.95,63.83,134.02,276.82,0.6918,-1,-1,-1
710,74,985.47,5.68,327.27,569.19,0.6274,-1,-1,-1
711,116,879.78,64.51,126.44,276.50,0.6918,-1,-1,-1
711,74,987.88,6.76,307.60,566.85,0.6274,-1,-1,-1
712,116,882.14,64.60,114.18,272.03,0.6918,-1,-1,-1
712,74,993.20,5.55,283.35,552.69,0.6274,-1,-1,-1
713,116,853.65,60.41,130.16,275.94,0.6918,-1,-1,-1
713,74,1002.15,8.77,255.96,541.11,0.6274,-1,-1,-1
714,116,854.54,58.28,125.13,278.68,0.6918,-1,-1,-1
714,74,997.97,12.22,255.42,535.02,0.6274,-1,-1,-1
715,116,865.82,60.03,111.13,279.48,0.6918,-1,-1,-1
716,116,868.96,61.10,105.73,281.17,0.6918,-1,-1,-1
717,116,866.10,62.90,95.60,278.88,0.6918,-1,-1,-1
718,116,854.65,62.20,106.92,279.26,0.6918,-1,-1,-1
718,74,920.96,14.74,332.68,530.57,0.6274,-1,-1,-1
719,116,850.72,67.45,107.93,276.32,0.6918,-1,-1,-1
719,74,881.66,14.01,370.42,532.95,0.6274,-1,-1,-1
720,116,849.54,66.94,105.10,274.78,0.6918,-1,-1,-1
720,74,866.75,10.06,382.34,537.39,0.6274,-1,-1,-1
721,116,850.50,65.61,103.75,273.74,0.6918,-1,-1,-1
721,74,862.49,10.18,384.51,536.60,0.6274,-1,-1,-1
722,116,844.41,64.93,106.33,273.86,0.6918,-1,-1,-1
722,74,867.16,9.03,372.95,539.42,0.6274,-1,-1,-1
723,116,836.42,64.47,114.71,273.42,0.6918,-1,-1,-1
723,74,870.21,7.19,364.24,543.01,0.6274,-1,-1,-1
724,116,833.64,64.80,114.59,270.83,0.6918,-1,-1,-1
724,74,877.67,6.39,354.52,545.62,0.6274,-1,-1,-1
725,116,820.43,66.09,125.21,270.53,0.6918,-1,-1,-1
725,74,886.54,6.16,355.77,542.76,0.6274,-1,-1,-1