0,890,1225.79,292.37,137.36,203.04,0.5357,-1,-1,-1
0,891,1402.52,417.22,122.73,180.88,0.5053,-1,-1,-1
0,892,571.11,409.27,115.22,166.87,0.4995,-1,-1,-1
0,893,553.64,566.90,163.43,178.16,0.4852,-1,-1,-1
0,894,1040.19,705.27,143.71,183.32,0.4274,-1,-1,-1
1,890,1229.73,308.19,126.08,185.66,0.4449,-1,-1,-1
1,891,1424.24,418.98,120.00,175.68,0.3170,-1,-1,-1
1,892,559.06,413.05,109.60,158.65,0.5001,-1,-1,-1
1,893,544.05,573.27,160.22,174.56,0.4993,-1,-1,-1
1,894,1029.95,713.11,135.47,172.80,0.3373,-1,-1,-1
2,890,1196.57,317.11,122.64,178.20,0.3867,-1,-1,-1
2,891,1414.40,424.28,109.61,158.11,0.1985,-1,-1,-1
2,892,535.95,420.21,112.15,162.06,0.4361,-1,-1,-1
2,893,512.27,573.15,170.61,185.96,0.2645,-1,-1,-1
2,894,1019.43,715.87,137.34,174.91,0.2037,-1,-1,-1
2,896,16.40,714.63,155.26,186.38,0.4765,-1,-1,-1
2,897,1567.50,585.45,156.33,173.87,0.5789,-1,-1,-1
3,890,1181.38,319.00,124.22,178.04,0.3981,-1,-1,-1
3,891,1386.68,424.72,118.94,169.94,0.3123,-1,-1,-1
3,892,518.79,423.91,116.35,168.07,0.4176,-1,-1,-1
3,893,494.83,571.44,172.93,188.33,0.2575,-1,-1,-1
3,894,992.48,718.65,138.66,176.73,0.1523,-1,-1,-1
3,896,10.73,723.50,154.13,184.74,0.3723,-1,-1,-1
3,897,1565.00,588.45,154.07,171.02,0.5423,-1,-1,-1
4,890,1188.62,318.77,119.56,169.52,0.3901,-1,-1,-1
4,891,1345.84,430.24,119.31,169.47,0.4523,-1,-1,-1
4,892,511.40,426.23,117.31,169.50,0.4237,-1,-1,-1
4,893,471.88,578.26,170.56,184.75,0.4136,-1,-1,-1
4,894,977.49,724.99,132.15,168.10,0.1020,-1,-1,-1
4,896,3.73,729.09,150.10,179.72,0.3807,-1,-1,-1
4,897,1543.87,593.09,158.12,175.63,0.3631,-1,-1,-1
5,890,1183.54,319.44,122.13,171.68,0.4431,-1,-1,-1
5,891,1328.42,432.24,120.13,169.88,0.5269,-1,-1,-1
5,892,502.99,428.65,118.64,171.47,0.3025,-1,-1,-1
5,893,453.92,578.51,171.81,186.03,0.3890,-1,-1,-1
5,894,972.36,732.32,126.84,162.11,0.1977,-1,-1,-1
5,896,-5.99,736.43,145.97,175.54,0.2447,-1,-1,-1
5,897,1526.37,596.04,166.34,185.70,0.2887,-1,-1,-1
5,901,1580.63,132.27,131.13,184.11,0.5235,-1,-1,-1
6,890,1174.73,320.86,124.15,172.64,0.4970,-1,-1,-1
6,891,1319.14,432.55,123.13,173.86,0.2855,-1,-1,-1
6,892,484.33,432.10,120.46,173.21,0.3941,-1,-1,-1
6,893,440.10,587.31,164.16,178.37,0.3933,-1,-1,-1
6,894,973.74,739.93,122.56,156.62,0.1325,-1,-1,-1
6,896,-8.93,743.24,138.29,167.33,0.1452,-1,-1,-1
6,897,1510.74,602.29,159.00,179.56,0.2061,-1,-1,-1
6,901,1575.34,135.27,128.85,181.13,0.2896,-1,-1,-1
7,890,1147.46,326.06,134.73,185.61,0.2044,-1,-1,-1
7,891,1323.73,434.26,129.96,181.81,0.2374,-1,-1,-1
7,892,465.97,436.14,122.54,172.16,0.3807,-1,-1,-1
7,893,426.23,585.15,162.15,177.41,0.3276,-1,-1,-1
7,897,1510.37,609.27,162.19,183.93,0.3040,-1,-1,-1
8,890,1124.04,330.24,135.36,188.48,0.1576,-1,-1,-1
8,891,1305.12,437.00,130.30,183.26,0.3082,-1,-1,-1
8,892,456.85,437.94,124.08,171.00,0.2150,-1,-1,-1
8,893,415.80,590.87,157.05,173.09,0.1522,-1,-1,-1
8,897,1504.28,614.48,160.19,183.28,0.1220,-1,-1,-1
9,890,1130.56,336.13,134.02,186.66,0.2545,-1,-1,-1
9,891,1299.39,442.42,126.11,178.96,0.2096,-1,-1,-1
9,892,450.03,439.76,124.94,168.10,0.3979,-1,-1,-1
9,893,406.58,590.39,159.40,177.23,0.2464,-1,-1,-1
9,897,1500.67,618.45,155.27,178.75,0.2531,-1,-1,-1
10,890,1126.66,340.41,133.68,186.11,0.1973,-1,-1,-1
10,891,1296.12,445.41,121.65,174.94,0.3036,-1,-1,-1
10,892,447.79,441.41,125.12,165.49,0.6122,-1,-1,-1
10,893,397.69,589.68,161.60,181.31,0.1820,-1,-1,-1
10,897,1493.94,620.41,154.10,178.09,0.3860,-1,-1,-1
11,890,1123.35,343.89,131.72,183.75,0.1360,-1,-1,-1
11,891,1308.10,444.14,124.47,175.40,0.2458,-1,-1,-1
11,892,444.05,444.36,122.61,158.35,0.4249,-1,-1,-1
11,893,394.52,591.85,159.91,181.21,0.3668,-1,-1,-1
11,897,1473.89,625.73,149.86,176.31,0.1686,-1,-1,-1
12,890,1118.54,347.45,129.30,181.34,0.1193,-1,-1,-1
12,892,429.96,447.20,128.03,162.39,0.1438,-1,-1,-1
12,893,400.88,606.41,147.17,164.36,0.1475,-1,-1,-1
12,897,1463.40,631.07,158.33,187.42,0.1719,-1,-1,-1
13,890,1105.90,349.87,128.61,178.30,0.1295,-1,-1,-1
13,892,417.98,452.43,136.03,170.28,0.1575,-1,-1,-1
13,897,1457.48,634.44,157.43,187.71,0.1019,-1,-1,-1
14,890,1099.92,352.27,128.94,178.42,0.2018,-1,-1,-1
14,892,416.09,457.22,132.99,162.72,0.2283,-1,-1,-1
14,897,1453.14,638.35,151.86,181.35,0.1680,-1,-1,-1
14,891,1292.80,451.82,124.84,170.16,0.4167,-1,-1,-1
15,890,1096.00,354.29,131.29,180.40,0.3076,-1,-1,-1
15,892,412.35,462.45,133.16,160.06,0.3760,-1,-1,-1
15,897,1430.25,639.78,156.08,183.97,0.2118,-1,-1,-1
15,891,1287.85,459.18,127.78,168.66,0.5162,-1,-1,-1
16,890,1095.54,356.21,133.57,183.69,0.1996,-1,-1,-1
16,892,410.44,466.93,131.28,154.77,0.2020,-1,-1,-1
16,897,1416.96,642.16,155.60,182.75,0.1826,-1,-1,-1
16,891,1277.82,460.51,133.56,172.57,0.1963,-1,-1,-1
16,893,398.43,617.22,148.04,164.63,0.5895,-1,-1,-1
17,890,1089.22,363.30,134.48,185.60,0.1305,-1,-1,-1
17,892,396.26,475.52,132.62,156.29,0.2378,-1,-1,-1
17,891,1265.93,458.35,138.64,176.75,0.4078,-1,-1,-1
17,893,393.19,621.24,148.70,164.83,0.3491,-1,-1,-1
18,890,1082.09,365.32,136.18,187.49,0.2286,-1,-1,-1
18,892,386.40,481.64,134.07,158.12,0.2147,-1,-1,-1
18,891,1257.36,459.79,140.06,176.14,0.2547,-1,-1,-1
18,893,386.76,625.35,150.29,165.89,0.2923,-1,-1,-1
19,890,1080.78,367.47,135.04,185.48,0.3579,-1,-1,-1
19,892,377.54,487.21,132.32,156.24,0.1335,-1,-1,-1
19,891,1236.26,465.26,136.57,172.94,0.1218,-1,-1,-1
19,893,375.20,627.11,158.25,174.57,0.1977,-1,-1,-1
20,890,1071.88,369.15,136.15,183.76,0.2839,-1,-1,-1
20,892,375.41,491.03,131.71,155.16,0.3497,-1,-1,-1
20,891,1227.56,469.72,132.36,169.88,0.1354,-1,-1,-1
20,893,364.62,632.00,165.85,183.80,0.1586,-1,-1,-1
21,890,1066.67,369.22,137.68,182.97,0.2961,-1,-1,-1
21,892,373.43,494.57,131.64,154.62,0.3003,-1,-1,-1
21,891,1228.42,471.39,130.26,167.32,0.1180,-1,-1,-1
22,890,1045.84,371.47,139.16,185.15,0.2427,-1,-1,-1
22,892,364.07,497.36,138.84,163.14,0.2695,-1,-1,-1
22,891,1220.81,479.83,124.97,160.94,0.1291,-1,-1,-1
22,907,13.01,579.95,147.42,180.49,0.5519,-1,-1,-1
23,890,1035.67,374.76,137.64,184.73,0.2325,-1,-1,-1
23,892,358.29,499.81,141.29,165.66,0.3513,-1,-1,-1
23,891,1212.45,482.14,126.51,161.92,0.2691,-1,-1,-1
23,907,11.39,583.67,146.43,179.28,0.6063,-1,-1,-1
24,890,1033.08,377.14,136.90,185.31,0.1623,-1,-1,-1
24,892,355.37,501.08,142.63,166.98,0.2672,-1,-1,-1
24,891,1218.61,483.20,128.64,162.13,0.3154,-1,-1,-1
24,907,10.75,584.75,140.89,172.65,0.3202,-1,-1,-1
25,890,1026.58,380.66,138.43,188.86,0.2440,-1,-1,-1
25,892,347.50,503.01,146.15,170.90,0.3267,-1,-1,-1
25,891,1203.87,485.51,134.18,170.97,0.3632,-1,-1,-1
25,907,0.45,589.77,139.56,171.92,0.4193,-1,-1,-1
26,890,1020.87,384.25,140.84,194.37,0.2008,-1,-1,-1
26,892,345.82,506.93,142.73,166.67,0.1854,-1,-1,-1
26,891,1195.44,486.91,134.63,174.79,0.3264,-1,-1,-1
26,907,-5.08,589.82,143.99,178.33,0.2749,-1,-1,-1
27,890,1019.83,388.51,139.83,194.56,0.1370,-1,-1,-1
27,892,343.89,510.08,137.32,158.46,0.1846,-1,-1,-1
27,891,1190.21,486.16,133.95,177.18,0.2031,-1,-1,-1
27,907,-4.43,589.87,139.82,173.73,0.3000,-1,-1,-1
28,890,1033.66,394.91,135.20,189.77,0.1438,-1,-1,-1
28,892,336.55,513.65,140.84,161.64,0.2169,-1,-1,-1
28,907,-7.34,591.34,134.17,167.87,0.1638,-1,-1,-1
29,890,1040.15,398.00,133.75,188.49,0.2638,-1,-1,-1
29,892,332.22,515.84,139.65,158.55,0.3623,-1,-1,-1
29,907,-9.01,598.10,130.46,164.72,0.2124,-1,-1,-1
30,890,1040.25,399.67,133.06,188.41,0.2551,-1,-1,-1
30,892,326.51,519.59,140.27,157.24,0.2129,-1,-1,-1
30,907,-18.68,592.64,135.75,175.45,0.1830,-1,-1,-1
31,890,1039.55,400.33,130.29,184.05,0.1994,-1,-1,-1
31,892,318.24,521.94,145.88,162.56,0.2054,-1,-1,-1
32,892,312.57,524.81,148.36,164.61,0.2715,-1,-1,-1
33,892,306.67,532.11,148.47,164.25,0.2470,-1,-1,-1
34,892,300.18,537.93,149.31,164.21,0.2047,-1,-1,-1
35,892,291.72,542.82,149.37,164.58,0.1344,-1,-1,-1
44,910,1644.17,371.20,141.96,172.20,0.4846,-1,-1,-1
45,910,1638.14,373.83,140.69,170.48,0.2914,-1,-1,-1
45,892,226.31,570.49,145.19,162.55,0.4899,-1,-1,-1
87,916,954.23,456.12,113.25,203.72,0.5163,-1,-1,-1
88,916,953.15,458.21,112.64,202.65,0.4547,-1,-1,-1
89,916,952.47,459.62,111.99,201.41,0.2782,-1,-1,-1
89,917,607.58,448.07,121.22,276.98,0.4883,-1,-1,-1
89,918,1413.83,490.15,116.51,188.31,0.4437,-1,-1,-1
90,916,950.54,459.86,112.40,202.14,0.3828,-1,-1,-1
90,917,606.21,449.80,122.23,279.20,0.7333,-1,-1,-1
90,918,1408.02,493.00,114.54,185.26,0.3125,-1,-1,-1
91,916,949.14,460.14,112.78,202.65,0.4504,-1,-1,-1
91,917,601.11,453.22,121.14,276.80,0.4632,-1,-1,-1
91,918,1402.79,495.17,114.68,185.17,0.4548,-1,-1,-1
92,916,948.27,459.55,113.26,203.31,0.6299,-1,-1,-1
92,917,593.81,455.31,120.76,275.39,0.4464,-1,-1,-1
92,918,1393.69,498.15,116.71,189.45,0.6701,-1,-1,-1
93,916,946.98,458.54,113.60,203.72,0.2836,-1,-1,-1
93,917,589.02,455.95,120.05,273.82,0.2342,-1,-1,-1
93,918,1390.98,504.91,115.64,187.47,0.2012,-1,-1,-1
93,920,1727.73,160.59,82.63,161.47,0.4024,-1,-1,-1
94,916,945.65,456.92,114.85,205.92,0.2101,-1,-1,-1
94,918,1379.71,509.79,115.55,184.48,0.1635,-1,-1,-1
94,920,1722.19,160.75,83.10,162.29,0.1599,-1,-1,-1
95,916,944.05,456.20,115.45,207.29,0.2512,-1,-1,-1
95,918,1373.93,514.46,114.79,180.31,0.2283,-1,-1,-1
95,920,1717.99,161.12,83.12,162.22,0.2039,-1,-1,-1
96,916,942.11,455.05,115.98,208.77,0.2651,-1,-1,-1
96,918,1368.12,518.18,114.11,176.51,0.1112,-1,-1,-1
96,920,1712.87,161.54,82.62,161.14,0.1202,-1,-1,-1
97,916,941.12,455.01,115.84,208.85,0.1961,-1,-1,-1
97,918,1363.20,520.33,116.04,176.52,0.2355,-1,-1,-1
97,920,1708.65,164.92,81.27,158.36,0.2405,-1,-1,-1
98,916,939.59,456.38,115.11,207.92,0.3516,-1,-1,-1
98,918,1348.10,525.51,124.11,189.01,0.2771,-1,-1,-1
98,920,1698.41,170.81,84.53,165.84,0.2956,-1,-1,-1
99,916,938.84,457.46,114.91,207.97,0.3553,-1,-1,-1
99,918,1338.98,529.53,123.50,191.57,0.1627,-1,-1,-1
99,920,1692.53,174.68,84.59,167.31,0.4318,-1,-1,-1
100,916,937.32,457.55,114.70,207.92,0.1416,-1,-1,-1
100,920,1688.67,177.74,83.43,165.69,0.1304,-1,-1,-1
129,921,1503.55,240.61,138.60,160.48,0.4284,-1,-1,-1
130,921,1500.02,242.76,137.56,159.35,0.4789,-1,-1,-1
131,921,1495.09,243.64,136.71,158.49,0.2279,-1,-1,-1
132,921,1486.15,246.48,136.79,158.65,0.2520,-1,-1,-1
133,921,1482.26,252.66,131.15,152.56,0.2535,-1,-1,-1
148,923,793.44,466.82,120.30,160.13,0.4983,-1,-1,-1
149,923,783.75,467.54,120.10,160.14,0.2183,-1,-1,-1
150,923,784.85,470.16,118.27,157.60,0.2516,-1,-1,-1
151,923,780.51,471.94,115.14,153.71,0.1980,-1,-1,-1
152,923,778.52,473.23,112.39,150.16,0.1046,-1,-1,-1
153,923,773.88,474.46,117.88,158.42,0.1082,-1,-1,-1
154,923,770.93,476.90,117.87,159.58,0.1087,-1,-1,-1
159,924,964.21,767.35,121.89,151.86,0.4289,-1,-1,-1
160,924,963.89,770.56,120.35,150.06,0.2334,-1,-1,-1
160,923,765.94,489.23,112.89,152.25,0.5525,-1,-1,-1
161,924,961.71,774.75,121.18,151.51,0.1407,-1,-1,-1
161,923,759.69,490.72,115.26,153.84,0.4256,-1,-1,-1
162,924,959.64,779.12,130.44,163.80,0.1699,-1,-1,-1
162,923,756.99,492.18,115.80,153.65,0.1980,-1,-1,-1
174,925,1304.62,206.48,108.80,155.41,0.4572,-1,-1,-1
175,925,1303.51,206.86,108.72,155.19,0.2334,-1,-1,-1
176,925,1304.31,208.29,107.32,153.13,0.2863,-1,-1,-1
177,925,1304.12,212.26,106.70,152.12,0.2872,-1,-1,-1
177,923,731.52,518.28,119.02,156.12,0.4150,-1,-1,-1
178,925,1306.20,219.51,106.65,152.07,0.2781,-1,-1,-1
178,923,729.04,522.52,119.87,155.89,0.3804,-1,-1,-1
179,925,1307.93,222.26,108.20,154.83,0.2714,-1,-1,-1
179,923,727.16,524.92,120.32,155.36,0.3609,-1,-1,-1
180,925,1308.77,225.57,109.23,156.93,0.4825,-1,-1,-1
180,923,722.34,525.98,120.56,156.21,0.2298,-1,-1,-1
181,925,1309.72,229.79,107.29,155.13,0.2453,-1,-1,-1
181,923,720.90,525.85,121.44,156.84,0.1176,-1,-1,-1
182,925,1311.92,233.54,105.54,153.09,0.3041,-1,-1,-1
182,923,717.07,525.88,122.48,157.00,0.1669,-1,-1,-1
183,925,1310.48,237.44,103.56,148.67,0.3006,-1,-1,-1
183,923,708.12,527.07,123.10,156.38,0.2846,-1,-1,-1
184,925,1307.42,239.84,104.36,148.38,0.1881,-1,-1,-1
185,925,1310.14,242.09,104.36,148.07,0.2620,-1,-1,-1
186,925,1300.12,244.05,107.94,150.22,0.1980,-1,-1,-1
187,925,1312.84,248.68,105.66,146.54,0.3063,-1,-1,-1
187,927,1526.70,156.29,93.50,138.28,0.4338,-1,-1,-1
188,925,1319.89,250.50,108.63,150.48,0.3113,-1,-1,-1
188,927,1524.03,153.78,95.19,141.07,0.2001,-1,-1,-1
189,925,1322.23,251.65,110.67,153.23,0.2112,-1,-1,-1
191,923,720.08,543.18,123.25,159.35,0.4063,-1,-1,-1
192,923,720.98,545.17,121.55,158.84,0.2585,-1,-1,-1
193,923,721.90,547.23,118.70,155.59,0.2082,-1,-1,-1
194,923,721.07,552.13,119.14,156.79,0.1541,-1,-1,-1
195,923,720.46,556.38,119.97,157.93,0.2092,-1,-1,-1
196,923,723.95,559.16,119.09,156.71,0.1818,-1,-1,-1
197,923,724.54,561.84,118.38,155.54,0.1682,-1,-1,-1
204,923,738.60,586.79,127.50,162.62,0.4718,-1,-1,-1
205,923,752.07,590.30,126.12,162.11,0.2655,-1,-1,-1
206,923,762.67,593.37,123.02,160.04,0.2227,-1,-1,-1
207,923,770.00,596.82,118.31,154.53,0.3837,-1,-1,-1
208,923,776.62,600.20,115.18,150.37,0.1922,-1,-1,-1
209,923,782.19,605.41,116.45,150.92,0.3523,-1,-1,-1
210,923,787.57,608.76,116.67,151.42,0.2497,-1,-1,-1
211,923,795.08,611.97,114.91,149.59,0.3354,-1,-1,-1
212,923,798.34,614.71,113.38,146.76,0.3788,-1,-1,-1
212,930,1348.11,443.08,94.76,142.78,0.4086,-1,-1,-1
213,923,800.61,614.87,115.27,148.06,0.2423,-1,-1,-1
213,930,1348.30,444.84,93.88,141.62,0.2739,-1,-1,-1
213,931,591.80,592.03,105.52,152.68,0.4102,-1,-1,-1
214,923,783.44,617.97,116.07,150.16,0.2686,-1,-1,-1
214,930,1352.19,449.67,93.24,141.14,0.2773,-1,-1,-1
214,931,598.34,591.92,107.21,155.54,0.2620,-1,-1,-1
215,923,779.85,621.16,116.23,150.73,0.4399,-1,-1,-1
215,930,1352.48,455.31,94.46,143.67,0.4148,-1,-1,-1
215,931,597.20,593.66,106.97,155.19,0.5139,-1,-1,-1
216,923,780.91,624.05,114.80,150.12,0.3798,-1,-1,-1
216,930,1354.81,458.50,93.24,142.95,0.2837,-1,-1,-1
216,931,601.14,595.70,105.37,152.79,0.3349,-1,-1,-1
216,933,1415.37,360.01,103.93,145.89,0.4857,-1,-1,-1
217,923,783.19,626.40,113.38,149.33,0.2197,-1,-1,-1
217,930,1359.75,461.84,91.16,141.32,0.2194,-1,-1,-1
217,931,607.35,597.02,104.34,151.31,0.1666,-1,-1,-1
217,933,1416.67,363.53,104.48,146.76,0.3948,-1,-1,-1
218,930,1363.98,464.45,89.30,140.03,0.1117,-1,-1,-1
218,933,1417.84,367.33,103.68,145.85,0.3306,-1,-1,-1
219,933,1421.82,373.59,100.73,141.63,0.2223,-1,-1,-1
220,933,1423.05,375.48,99.83,140.26,0.2223,-1,-1,-1
221,933,1423.97,377.60,100.96,141.76,0.3109,-1,-1,-1
222,933,1425.83,381.08,98.91,138.43,0.2063,-1,-1,-1
223,933,1427.45,384.78,97.16,135.27,0.2684,-1,-1,-1
224,933,1426.94,387.72,96.89,134.11,0.1249,-1,-1,-1
225,933,1415.36,392.45,98.86,137.82,0.1457,-1,-1,-1
226,933,1407.17,396.51,98.99,139.59,0.2264,-1,-1,-1
227,933,1419.41,397.71,100.24,140.93,0.2715,-1,-1,-1
228,933,1426.80,399.66,97.59,137.27,0.1148,-1,-1,-1
232,933,1432.06,413.65,98.78,138.77,0.4802,-1,-1,-1
233,933,1434.82,416.40,94.06,130.85,0.4969,-1,-1,-1
234,933,1433.12,418.48,94.83,130.63,0.3807,-1,-1,-1
235,933,1424.88,423.37,99.56,136.94,0.4168,-1,-1,-1
236,933,1421.94,424.69,100.60,138.47,0.3771,-1,-1,-1
237,933,1417.83,427.38,100.91,138.15,0.1986,-1,-1,-1
238,933,1413.51,430.51,100.19,135.17,0.1707,-1,-1,-1
239,933,1413.18,432.79,99.46,132.32,0.2749,-1,-1,-1
240,933,1419.39,437.59,95.16,125.92,0.1931,-1,-1,-1
241,933,1422.42,440.97,92.33,121.37,0.1943,-1,-1,-1
242,933,1423.65,444.25,91.17,119.13,0.2474,-1,-1,-1
243,933,1425.28,446.39,88.48,114.59,0.1715,-1,-1,-1
244,942,530.90,823.75,94.77,146.67,0.4799,-1,-1,-1
245,942,536.01,823.77,94.57,146.27,0.5928,-1,-1,-1
246,942,538.37,824.25,94.57,146.18,0.5470,-1,-1,-1
247,942,539.97,824.75,94.33,145.73,0.6146,-1,-1,-1
248,942,541.10,825.41,93.30,144.21,0.5180,-1,-1,-1
249,942,541.90,825.75,92.50,143.00,0.6750,-1,-1,-1
250,942,543.27,825.76,92.47,142.88,0.1533,-1,-1,-1
251,942,544.12,826.13,91.94,142.14,0.1316,-1,-1,-1
267,950,1290.18,512.94,80.33,118.70,0.4701,-1,-1,-1
268,950,1286.24,516.18,81.91,120.77,0.4547,-1,-1,-1
269,950,1281.89,520.19,79.82,117.31,0.2893,-1,-1,-1
270,950,1271.43,521.79,78.80,115.13,0.3226,-1,-1,-1
271,950,1265.00,523.54,79.96,116.09,0.1765,-1,-1,-1
271,954,1575.39,429.52,102.24,117.60,0.4056,-1,-1,-1
272,950,1260.54,525.29,80.70,116.02,0.2995,-1,-1,-1
272,954,1574.62,431.44,102.10,117.60,0.4696,-1,-1,-1
272,956,756.47,633.86,80.13,126.03,0.4181,-1,-1,-1
273,950,1256.35,527.65,81.07,115.44,0.2039,-1,-1,-1
273,954,1575.65,433.73,100.56,116.11,0.4972,-1,-1,-1
273,956,756.58,634.87,79.17,124.49,0.4401,-1,-1,-1
274,950,1253.29,530.19,79.25,111.12,0.2674,-1,-1,-1
274,954,1573.42,435.33,99.97,115.62,0.4907,-1,-1,-1
274,956,756.48,635.93,79.43,124.99,0.3897,-1,-1,-1
275,950,1239.24,530.83,81.55,112.45,0.1258,-1,-1,-1
275,954,1557.83,433.31,102.08,119.62,0.3417,-1,-1,-1
275,956,756.08,637.36,77.69,122.17,0.2918,-1,-1,-1
276,950,1228.29,532.10,87.37,120.09,0.3568,-1,-1,-1
276,954,1555.74,433.34,104.56,123.55,0.3847,-1,-1,-1
276,956,761.16,637.42,78.01,121.40,0.2707,-1,-1,-1
277,950,1221.39,531.65,87.41,119.14,0.2958,-1,-1,-1
277,954,1556.32,436.53,101.20,120.38,0.3742,-1,-1,-1
277,956,762.00,637.82,78.07,120.11,0.3306,-1,-1,-1
277,959,1230.80,394.90,87.81,113.10,0.4194,-1,-1,-1
278,950,1213.22,532.16,86.66,117.16,0.1282,-1,-1,-1
278,954,1537.73,436.64,103.38,121.77,0.3735,-1,-1,-1
278,956,759.69,637.73,79.00,120.11,0.2197,-1,-1,-1
278,959,1224.22,395.09,87.86,113.10,0.4004,-1,-1,-1
278,960,1249.74,219.58,92.55,89.23,0.4232,-1,-1,-1
279,950,1206.99,531.63,86.03,114.80,0.2416,-1,-1,-1
279,954,1523.86,437.54,103.04,122.11,0.4553,-1,-1,-1
279,956,757.38,637.39,79.97,120.08,0.3310,-1,-1,-1
279,959,1216.63,397.07,87.98,113.01,0.4889,-1,-1,-1
279,960,1252.14,222.35,91.08,88.05,0.3702,-1,-1,-1
280,950,1197.37,534.15,85.14,112.30,0.1237,-1,-1,-1
280,954,1515.90,438.72,103.09,121.61,0.2959,-1,-1,-1
280,956,750.07,635.90,82.18,122.15,0.2109,-1,-1,-1
280,959,1201.32,399.25,92.17,118.14,0.5050,-1,-1,-1
280,960,1243.36,224.06,100.48,97.88,0.3411,-1,-1,-1
281,950,1184.19,536.87,94.46,124.56,0.1878,-1,-1,-1
281,954,1507.42,439.95,102.75,120.93,0.3219,-1,-1,-1
281,956,743.13,636.14,82.96,121.95,0.3268,-1,-1,-1
281,959,1190.65,401.49,94.32,120.87,0.5109,-1,-1,-1
281,960,1233.96,225.14,103.47,102.03,0.2314,-1,-1,-1
282,950,1172.70,538.94,97.72,128.77,0.1561,-1,-1,-1
282,954,1507.23,442.11,102.57,122.40,0.1978,-1,-1,-1
282,956,737.54,636.05,84.18,122.82,0.4311,-1,-1,-1
282,959,1181.35,403.92,93.40,119.73,0.4690,-1,-1,-1
282,960,1218.29,226.95,101.79,100.66,0.1496,-1,-1,-1
283,950,1152.64,540.63,101.61,138.31,0.2957,-1,-1,-1
283,954,1506.69,444.51,103.55,125.58,0.3534,-1,-1,-1
283,956,733.87,636.58,83.67,120.65,0.3642,-1,-1,-1
283,959,1176.16,406.40,89.81,115.10,0.3294,-1,-1,-1
283,960,1211.21,230.68,98.49,97.64,0.1935,-1,-1,-1
284,950,1147.66,540.98,93.61,129.01,0.1872,-1,-1,-1
284,954,1506.48,448.48,100.69,123.19,0.2503,-1,-1,-1
284,956,728.81,636.84,84.56,120.31,0.3455,-1,-1,-1
284,959,1163.83,407.91,89.63,114.82,0.3386,-1,-1,-1
284,960,1218.18,231.79,95.52,95.83,0.1673,-1,-1,-1
285,950,1134.46,544.14,92.64,130.20,0.1891,-1,-1,-1
285,954,1498.78,452.10,98.15,120.19,0.2801,-1,-1,-1
285,956,721.78,636.62,85.95,121.14,0.2825,-1,-1,-1
285,959,1148.66,411.86,88.89,113.18,0.3937,-1,-1,-1
285,960,1213.78,236.15,94.19,95.71,0.3164,-1,-1,-1
286,950,1121.84,545.19,92.17,131.33,0.1445,-1,-1,-1
286,954,1492.71,454.63,95.68,118.00,0.3073,-1,-1,-1
286,956,715.92,636.87,86.28,120.73,0.3822,-1,-1,-1
286,959,1141.11,414.57,91.57,116.72,0.3912,-1,-1,-1
286,960,1198.66,239.49,96.37,98.79,0.2342,-1,-1,-1
287,950,1108.56,546.27,92.37,132.76,0.2116,-1,-1,-1
287,954,1486.70,456.97,93.64,115.94,0.2987,-1,-1,-1
287,956,710.74,637.17,86.88,121.19,0.3978,-1,-1,-1
287,959,1136.97,417.09,92.88,119.12,0.2960,-1,-1,-1
287,960,1195.07,241.66,97.61,101.01,0.2746,-1,-1,-1
288,950,1101.04,549.82,94.26,134.16,0.4170,-1,-1,-1
288,954,1479.18,458.62,94.65,117.71,0.4980,-1,-1,-1
288,956,713.04,637.12,87.67,120.02,0.3886,-1,-1,-1
288,959,1138.56,420.14,91.26,116.74,0.4732,-1,-1,-1
288,960,1198.74,244.40,95.51,100.01,0.3531,-1,-1,-1
289,950,1096.69,551.99,93.08,131.82,0.3942,-1,-1,-1
289,954,1470.31,461.79,96.36,119.54,0.5280,-1,-1,-1
289,956,714.64,636.38,88.80,119.64,0.3952,-1,-1,-1
289,959,1133.26,423.18,91.28,116.86,0.5351,-1,-1,-1
289,960,1199.91,246.55,93.13,98.28,0.2072,-1,-1,-1
289,964,1321.66,601.93,86.13,124.98,0.4939,-1,-1,-1
290,950,1070.33,554.71,90.84,129.04,0.2793,-1,-1,-1
290,954,1454.46,466.43,97.36,119.93,0.3276,-1,-1,-1
290,956,696.07,639.68,88.21,119.38,0.2727,-1,-1,-1
290,959,1122.39,426.54,89.41,115.01,0.3344,-1,-1,-1
290,960,1201.56,252.21,86.18,91.27,0.2313,-1,-1,-1
290,964,1315.31,605.47,83.86,121.45,0.3387,-1,-1,-1
291,950,1061.92,557.77,89.17,127.18,0.3240,-1,-1,-1
291,954,1448.16,467.79,94.82,116.43,0.1443,-1,-1,-1
291,956,685.73,640.06,88.10,120.04,0.3622,-1,-1,-1
291,959,1114.43,430.43,85.54,109.95,0.3842,-1,-1,-1
291,960,1186.11,257.28,88.28,94.88,0.1507,-1,-1,-1
291,964,1305.54,607.88,82.54,119.33,0.3137,-1,-1,-1
292,950,1057.02,561.25,88.33,125.44,0.3363,-1,-1,-1
292,954,1440.02,472.05,93.66,114.33,0.3277,-1,-1,-1
292,956,686.36,637.00,87.66,119.02,0.2418,-1,-1,-1
292,959,1105.45,432.56,87.08,111.90,0.5021,-1,-1,-1
292,960,1176.90,259.11,91.70,100.32,0.2931,-1,-1,-1
292,964,1295.26,607.46,82.50,119.56,0.1671,-1,-1,-1
293,950,1053.86,561.45,88.70,126.04,0.2319,-1,-1,-1
293,954,1431.11,471.79,96.17,117.60,0.2317,-1,-1,-1
293,956,680.38,634.59,88.60,119.84,0.1558,-1,-1,-1
293,959,1094.19,433.20,89.50,115.21,0.4529,-1,-1,-1
293,960,1167.31,261.31,91.78,102.56,0.2085,-1,-1,-1
293,964,1276.34,609.92,82.25,118.76,0.3305,-1,-1,-1
294,950,1048.49,565.04,87.90,124.95,0.3718,-1,-1,-1
294,954,1418.40,472.57,95.52,117.37,0.4086,-1,-1,-1
294,956,668.46,635.41,89.90,121.49,0.2327,-1,-1,-1
294,959,1085.61,434.40,91.49,118.01,0.5502,-1,-1,-1
294,960,1156.70,264.60,89.33,101.87,0.2874,-1,-1,-1
294,964,1271.58,614.28,80.38,115.34,0.3161,-1,-1,-1
295,950,1022.34,566.07,87.99,126.54,0.2387,-1,-1,-1
295,954,1401.83,474.11,95.54,117.20,0.3892,-1,-1,-1
295,956,658.71,640.59,87.67,118.17,0.2654,-1,-1,-1
295,959,1069.04,438.10,90.90,116.64,0.3827,-1,-1,-1
295,960,1145.48,268.42,86.21,97.99,0.1909,-1,-1,-1
295,964,1269.20,617.59,78.52,111.17,0.1167,-1,-1,-1
296,950,1013.28,569.44,86.32,124.79,0.3071,-1,-1,-1
296,954,1389.67,476.46,94.36,115.92,0.4161,-1,-1,-1
296,956,656.36,648.90,83.34,110.96,0.1684,-1,-1,-1
296,959,1060.44,442.89,88.22,112.34,0.2191,-1,-1,-1
296,960,1140.06,272.24,85.61,97.32,0.1825,-1,-1,-1
296,964,1267.25,623.49,76.54,106.37,0.3796,-1,-1,-1
296,968,752.26,771.35,95.61,127.31,0.4269,-1,-1,-1
297,950,1010.85,569.51,86.26,124.76,0.3291,-1,-1,-1
297,954,1376.09,480.16,92.33,113.99,0.4645,-1,-1,-1
297,956,658.32,648.36,83.34,109.88,0.1568,-1,-1,-1
297,959,1043.98,444.22,86.80,108.59,0.1623,-1,-1,-1
297,960,1137.26,276.89,84.10,95.38,0.2468,-1,-1,-1
297,964,1257.56,625.50,77.28,105.63,0.3722,-1,-1,-1
297,968,744.36,771.38,97.10,129.23,0.3760,-1,-1,-1
297,969,1088.85,618.57,69.86,133.95,0.4739,-1,-1,-1
298,950,996.88,574.65,82.81,121.18,0.3245,-1,-1,-1
298,954,1368.06,481.50,90.92,113.27,0.2589,-1,-1,-1
298,956,656.63,647.95,83.73,108.89,0.1692,-1,-1,-1
298,959,1040.40,446.95,86.42,107.88,0.2023,-1,-1,-1
298,960,1123.42,279.79,86.48,99.70,0.2465,-1,-1,-1
298,964,1251.77,624.61,79.63,107.48,0.4603,-1,-1,-1
298,968,720.10,773.19,99.68,133.30,0.3933,-1,-1,-1
298,969,1078.63,620.50,69.13,132.16,0.3035,-1,-1,-1
299,950,985.83,575.59,80.38,118.41,0.1067,-1,-1,-1
299,954,1359.53,482.03,91.05,114.76,0.2671,-1,-1,-1
299,956,642.44,647.35,86.45,111.55,0.2197,-1,-1,-1
299,959,1035.47,454.80,81.46,101.94,0.1433,-1,-1,-1
299,960,1115.26,281.89,87.16,101.43,0.1968,-1,-1,-1
299,964,1244.24,624.41,79.59,105.94,0.4716,-1,-1,-1
299,968,712.45,773.31,105.08,140.79,0.4090,-1,-1,-1
299,969,1062.71,619.70,69.75,132.41,0.4371,-1,-1,-1
300,950,967.61,577.23,80.26,117.45,0.3539,-1,-1,-1
300,954,1338.93,483.08,90.99,116.72,0.3552,-1,-1,-1
300,956,619.52,648.69,88.16,113.08,0.1630,-1,-1,-1
300,959,1023.43,458.34,83.67,103.97,0.1314,-1,-1,-1
300,960,1103.28,287.42,86.05,101.15,0.1842,-1,-1,-1
300,964,1226.94,625.70,80.67,105.51,0.4494,-1,-1,-1
300,968,698.49,776.78,101.51,135.48,0.2055,-1,-1,-1
300,969,1046.09,621.75,69.11,130.04,0.2944,-1,-1,-1
301,950,949.43,579.56,79.87,116.05,0.1533,-1,-1,-1
301,954,1333.12,485.63,91.83,115.78,0.4544,-1,-1,-1
301,956,611.64,642.37,89.43,115.33,0.1044,-1,-1,-1
301,959,998.19,461.51,87.25,107.50,0.3346,-1,-1,-1
301,964,1209.96,626.23,83.80,109.14,0.3632,-1,-1,-1
301,968,680.34,778.98,101.58,134.43,0.1775,-1,-1,-1
301,969,1043.26,627.82,67.25,124.00,0.1724,-1,-1,-1
302,950,933.99,579.41,81.18,116.83,0.3626,-1,-1,-1
302,954,1324.93,485.79,92.47,116.48,0.3582,-1,-1,-1
302,956,597.88,642.31,90.51,116.82,0.2243,-1,-1,-1
302,959,990.21,464.34,85.65,105.32,0.3674,-1,-1,-1
302,964,1197.47,628.02,87.78,113.27,0.5173,-1,-1,-1
302,968,666.75,780.15,103.49,135.77,0.2646,-1,-1,-1
302,969,1029.34,628.63,68.55,123.78,0.2900,-1,-1,-1
303,950,920.80,579.94,81.74,116.74,0.4197,-1,-1,-1
303,954,1313.81,485.37,93.77,116.95,0.3506,-1,-1,-1
303,956,586.70,641.82,89.81,116.82,0.2282,-1,-1,-1
303,959,973.29,468.27,86.17,105.45,0.2292,-1,-1,-1
303,964,1187.98,629.77,87.31,111.09,0.3817,-1,-1,-1
303,968,656.81,781.01,102.42,132.92,0.3088,-1,-1,-1
303,969,1021.75,632.22,67.78,119.56,0.1987,-1,-1,-1
304,950,912.59,581.22,81.43,115.04,0.4567,-1,-1,-1
304,954,1304.07,485.73,94.82,116.59,0.3622,-1,-1,-1
304,956,574.42,642.94,88.61,115.90,0.2715,-1,-1,-1
304,959,962.64,469.35,87.41,107.03,0.3063,-1,-1,-1
304,964,1181.66,632.25,86.78,108.19,0.3407,-1,-1,-1
304,968,648.93,781.38,102.70,131.71,0.2359,-1,-1,-1
304,969,1007.12,628.67,71.84,123.24,0.2029,-1,-1,-1
305,950,892.04,581.52,80.98,113.82,0.2490,-1,-1,-1
305,954,1292.00,486.26,93.73,116.32,0.4312,-1,-1,-1
305,956,558.41,643.69,88.16,116.75,0.4274,-1,-1,-1
305,959,942.77,470.25,88.42,108.01,0.5295,-1,-1,-1
305,964,1150.36,631.43,90.50,110.28,0.3512,-1,-1,-1
305,968,633.25,782.91,102.60,129.90,0.3950,-1,-1,-1
305,969,993.28,625.72,74.12,125.17,0.3310,-1,-1,-1
306,950,876.63,584.62,81.52,113.29,0.2628,-1,-1,-1
306,954,1282.32,487.08,92.53,115.56,0.4167,-1,-1,-1
306,956,547.74,645.55,85.49,114.34,0.2683,-1,-1,-1
306,959,927.50,469.77,90.86,110.45,0.4444,-1,-1,-1
306,964,1136.95,632.51,89.79,107.13,0.3641,-1,-1,-1
306,968,616.89,784.41,102.62,130.20,0.4024,-1,-1,-1
306,969,980.21,625.21,75.66,125.19,0.3451,-1,-1,-1
306,973,373.92,820.19,82.76,125.75,0.4215,-1,-1,-1
307,950,868.62,587.42,82.91,113.88,0.3409,-1,-1,-1
307,954,1273.99,488.51,90.46,113.60,0.3794,-1,-1,-1
307,956,542.16,645.08,85.22,114.96,0.3758,-1,-1,-1
307,959,918.47,469.59,91.29,110.94,0.3646,-1,-1,-1
307,964,1130.73,633.89,90.33,107.55,0.3576,-1,-1,-1
307,968,610.31,786.62,102.48,129.60,0.3681,-1,-1,-1
307,969,965.56,630.61,75.02,121.15,0.3401,-1,-1,-1
307,973,368.27,824.07,79.77,121.08,0.3557,-1,-1,-1
308,950,862.18,596.14,80.50,109.35,0.2351,-1,-1,-1
308,954,1265.65,490.16,89.37,112.41,0.3067,-1,-1,-1
308,956,535.37,643.40,85.05,115.95,0.4020,-1,-1,-1
308,959,900.69,473.72,90.31,111.62,0.1463,-1,-1,-1
308,964,1103.89,636.25,89.32,107.45,0.4273,-1,-1,-1
308,968,609.00,787.74,103.97,131.23,0.3762,-1,-1,-1
308,969,957.84,631.49,75.67,119.75,0.3078,-1,-1,-1
308,973,360.12,824.17,80.28,121.61,0.4702,-1,-1,-1
309,950,849.62,592.90,84.26,114.32,0.2738,-1,-1,-1
309,954,1259.79,491.50,88.07,111.15,0.3592,-1,-1,-1
309,956,527.65,645.13,84.68,116.80,0.3301,-1,-1,-1
309,959,896.58,477.61,87.99,108.02,0.1828,-1,-1,-1
309,964,1093.60,639.61,90.32,109.48,0.4319,-1,-1,-1
309,968,610.22,789.67,104.44,133.12,0.3799,-1,-1,-1
309,969,949.96,631.07,77.64,120.14,0.4607,-1,-1,-1
309,973,352.75,825.76,80.28,121.56,0.4098,-1,-1,-1
310,950,840.49,591.22,84.06,114.31,0.1417,-1,-1,-1
310,954,1248.03,494.21,89.30,112.80,0.5209,-1,-1,-1
310,956,521.11,645.22,83.75,116.06,0.4032,-1,-1,-1
310,959,883.01,480.62,87.00,106.62,0.1890,-1,-1,-1
310,964,1097.77,641.38,93.47,113.58,0.5091,-1,-1,-1
310,968,600.46,789.77,101.14,128.64,0.2816,-1,-1,-1
310,969,946.62,631.42,78.69,120.35,0.3517,-1,-1,-1
310,973,341.88,823.01,81.81,123.76,0.3192,-1,-1,-1
311,950,822.91,592.14,83.89,116.14,0.2942,-1,-1,-1
311,954,1236.56,496.18,89.33,112.11,0.3917,-1,-1,-1
311,956,516.07,646.45,82.68,114.79,0.3247,-1,-1,-1
311,959,874.04,482.52,87.30,106.51,0.1645,-1,-1,-1
311,964,1099.39,642.16,93.03,113.83,0.3942,-1,-1,-1
311,968,597.38,791.90,97.74,124.80,0.2718,-1,-1,-1
311,969,947.73,639.09,75.43,112.61,0.2652,-1,-1,-1
311,973,334.79,820.63,82.91,125.13,0.3338,-1,-1,-1
312,950,819.12,594.42,81.51,112.50,0.2320,-1,-1,-1
312,954,1227.85,499.63,87.73,109.84,0.4207,-1,-1,-1
312,956,511.44,645.76,82.75,114.48,0.4436,-1,-1,-1
312,959,864.03,482.79,89.07,108.76,0.4027,-1,-1,-1
312,964,1092.97,643.51,92.97,113.96,0.4349,-1,-1,-1
312,968,592.11,793.17,96.87,123.73,0.3234,-1,-1,-1
312,969,936.82,627.83,80.47,117.83,0.3341,-1,-1,-1
312,973,332.05,819.38,83.59,125.88,0.4248,-1,-1,-1
313,950,812.57,594.46,82.99,115.46,0.3227,-1,-1,-1
313,954,1216.28,499.20,89.94,110.74,0.4099,-1,-1,-1
313,956,506.74,645.87,82.63,114.64,0.2859,-1,-1,-1
313,959,858.84,485.68,90.82,112.22,0.4418,-1,-1,-1
313,964,1085.06,643.36,91.58,112.24,0.3794,-1,-1,-1
313,968,588.05,794.24,94.61,121.00,0.2329,-1,-1,-1
313,969,927.69,626.18,84.97,123.48,0.3153,-1,-1,-1
313,973,330.03,817.76,83.72,126.08,0.2025,-1,-1,-1
314,950,807.41,595.76,81.02,113.03,0.4665,-1,-1,-1
314,954,1207.20,499.49,91.82,111.55,0.4191,-1,-1,-1
314,956,502.16,648.96,80.95,112.62,0.3382,-1,-1,-1
314,959,858.34,489.32,90.01,112.03,0.4014,-1,-1,-1
314,964,1078.92,644.81,92.90,114.40,0.4920,-1,-1,-1
314,968,585.09,796.22,91.27,116.20,0.2881,-1,-1,-1
314,969,917.29,626.00,87.17,125.92,0.4609,-1,-1,-1
314,973,327.27,818.03,83.56,125.87,0.3955,-1,-1,-1
315,950,796.13,598.17,81.75,113.93,0.3844,-1,-1,-1
315,954,1196.96,499.73,92.94,111.98,0.4219,-1,-1,-1
315,956,497.16,650.33,80.19,111.92,0.2249,-1,-1,-1
315,959,850.28,495.51,88.98,110.69,0.3175,-1,-1,-1
315,964,1069.18,647.65,93.35,114.82,0.4430,-1,-1,-1
315,968,573.79,800.39,99.38,127.68,0.3803,-1,-1,-1
315,969,910.37,628.46,86.09,124.55,0.4312,-1,-1,-1
315,973,321.36,819.46,81.73,122.53,0.4385,-1,-1,-1
315,976,1021.95,174.43,91.64,103.18,0.4652,-1,-1,-1
316,950,783.88,599.46,84.12,116.86,0.3496,-1,-1,-1
316,954,1187.95,499.75,94.32,113.52,0.3811,-1,-1,-1
316,956,494.96,649.66,80.60,112.20,0.3647,-1,-1,-1
316,959,844.96,499.89,86.58,108.01,0.2715,-1,-1,-1
316,964,1063.98,648.79,92.84,113.39,0.5154,-1,-1,-1
316,968,567.89,802.89,101.34,130.64,0.5062,-1,-1,-1
316,969,906.93,628.51,86.54,124.98,0.4405,-1,-1,-1
316,973,310.91,817.62,83.43,122.54,0.3213,-1,-1,-1
316,976,1018.44,176.15,90.04,101.50,0.4032,-1,-1,-1
316,979,1453.52,275.37,78.26,103.31,0.4524,-1,-1,-1
317,950,775.87,601.64,84.80,117.13,0.4463,-1,-1,-1
317,954,1183.77,503.06,91.09,110.12,0.2979,-1,-1,-1
317,956,490.98,650.61,80.77,112.19,0.3015,-1,-1,-1
317,959,841.86,498.84,84.93,106.15,0.3201,-1,-1,-1
317,964,1061.00,652.21,90.50,109.77,0.4984,-1,-1,-1
317,968,564.42,805.02,102.03,131.69,0.5590,-1,-1,-1
317,969,905.64,629.21,86.42,125.23,0.5064,-1,-1,-1
317,973,313.57,818.79,83.25,121.91,0.4564,-1,-1,-1
317,976,1024.30,185.74,81.86,92.42,0.2423,-1,-1,-1
317,979,1449.76,277.76,78.21,103.24,0.4001,-1,-1,-1
318,950,769.92,604.16,84.72,116.21,0.4929,-1,-1,-1
318,954,1175.86,503.42,91.67,112.01,0.3167,-1,-1,-1
318,956,489.88,652.01,81.47,113.70,0.4088,-1,-1,-1
318,959,834.83,501.17,85.39,107.12,0.2842,-1,-1,-1
318,964,1058.26,654.58,88.68,107.28,0.4743,-1,-1,-1
318,968,560.29,807.68,101.68,129.79,0.4780,-1,-1,-1
318,969,903.26,630.02,86.65,125.47,0.4949,-1,-1,-1
318,973,312.73,818.30,84.56,123.60,0.4305,-1,-1,-1
318,976,1015.10,183.71,86.00,96.99,0.5031,-1,-1,-1
318,979,1445.62,280.72,80.53,106.35,0.3641,-1,-1,-1
319,950,766.25,607.37,83.79,114.07,0.5216,-1,-1,-1
319,954,1169.74,506.02,90.01,110.98,0.3265,-1,-1,-1
319,956,491.79,653.25,80.31,112.28,0.2405,-1,-1,-1
319,959,819.73,502.86,84.50,108.03,0.3993,-1,-1,-1
319,964,1058.77,655.35,86.07,104.07,0.3988,-1,-1,-1
319,968,551.41,809.31,102.94,129.39,0.3721,-1,-1,-1
319,969,902.03,631.57,85.90,124.34,0.4316,-1,-1,-1
319,973,312.85,818.45,84.91,124.23,0.3983,-1,-1,-1
319,976,1005.86,189.73,81.97,92.47,0.3780,-1,-1,-1
319,979,1440.71,282.67,82.46,109.16,0.4309,-1,-1,-1
319,982,759.27,256.52,83.23,93.84,0.4126,-1,-1,-1
320,950,761.08,610.89,82.99,112.56,0.5036,-1,-1,-1
320,954,1159.05,512.90,90.77,114.48,0.1941,-1,-1,-1
320,956,493.97,657.21,77.78,108.69,0.2718,-1,-1,-1
320,959,818.02,505.26,86.61,109.87,0.2117,-1,-1,-1
320,964,1060.03,658.24,80.41,96.41,0.2628,-1,-1,-1
320,968,548.84,812.27,103.54,127.81,0.2818,-1,-1,-1
320,969,898.97,634.53,85.91,124.15,0.4543,-1,-1,-1
320,973,311.37,819.58,85.20,123.99,0.4521,-1,-1,-1
320,976,1003.18,197.18,78.60,88.78,0.3592,-1,-1,-1
320,979,1439.42,291.74,78.08,103.34,0.3331,-1,-1,-1
320,982,761.34,257.96,82.81,93.49,0.2891,-1,-1,-1
321,950,756.52,613.67,82.84,112.95,0.5005,-1,-1,-1
321,954,1157.20,519.32,87.67,113.20,0.1683,-1,-1,-1
321,956,488.59,657.81,78.50,110.15,0.3048,-1,-1,-1
321,959,808.87,508.17,88.07,112.65,0.2529,-1,-1,-1
321,964,1055.55,660.47,80.76,97.02,0.1492,-1,-1,-1
321,968,544.33,812.00,104.99,128.80,0.2740,-1,-1,-1
321,969,897.70,636.75,85.12,122.96,0.3726,-1,-1,-1
321,973,311.80,819.83,85.18,123.72,0.4262,-1,-1,-1
321,976,1002.34,195.79,81.90,92.54,0.4102,-1,-1,-1
321,979,1435.10,297.74,74.89,98.99,0.2322,-1,-1,-1
321,982,763.53,259.00,83.06,93.73,0.4004,-1,-1,-1
322,950,756.76,616.48,82.89,112.97,0.4089,-1,-1,-1
322,956,490.60,655.64,79.11,110.65,0.3070,-1,-1,-1
322,959,803.62,515.12,84.08,108.18,0.1570,-1,-1,-1
322,964,1045.66,662.62,86.86,103.94,0.3385,-1,-1,-1
322,968,541.25,812.70,104.87,127.69,0.2000,-1,-1,-1
322,969,898.23,639.69,83.91,121.13,0.2694,-1,-1,-1
322,973,311.65,819.51,85.39,123.63,0.3661,-1,-1,-1
322,976,1001.35,194.33,83.91,95.26,0.3847,-1,-1,-1
322,979,1432.73,302.12,73.50,96.89,0.1889,-1,-1,-1
322,982,765.75,261.47,80.47,90.72,0.2569,-1,-1,-1
323,950,756.71,618.75,83.94,114.72,0.3528,-1,-1,-1
323,956,487.74,655.99,79.91,112.40,0.3848,-1,-1,-1
323,959,801.06,518.93,81.52,105.38,0.1962,-1,-1,-1
323,964,1044.31,666.27,87.68,104.34,0.1515,-1,-1,-1
323,968,540.09,813.83,105.60,127.61,0.2260,-1,-1,-1
323,969,897.91,640.48,83.90,121.00,0.3620,-1,-1,-1
323,973,312.84,820.19,85.13,122.88,0.3960,-1,-1,-1
323,976,998.80,194.83,84.81,96.55,0.4192,-1,-1,-1
323,979,1432.72,304.66,72.95,95.79,0.2252,-1,-1,-1
323,982,767.60,262.03,80.64,90.56,0.3518,-1,-1,-1
323,987,1151.64,360.13,75.65,94.48,0.4938,-1,-1,-1
324,950,755.77,619.56,84.95,116.75,0.3927,-1,-1,-1
324,956,487.55,655.98,79.99,113.70,0.4033,-1,-1,-1
324,959,794.86,519.98,81.30,105.58,0.2499,-1,-1,-1
324,964,1031.13,667.88,92.80,109.98,0.3340,-1,-1,-1
324,968,539.25,815.15,107.62,129.27,0.2017,-1,-1,-1
324,969,897.03,638.29,84.67,121.85,0.2618,-1,-1,-1
324,973,316.33,821.12,84.45,122.64,0.2540,-1,-1,-1
324,976,994.68,193.02,86.21,98.99,0.4844,-1,-1,-1
324,979,1424.63,306.35,73.78,98.17,0.2146,-1,-1,-1
324,982,772.75,262.60,79.47,88.78,0.3566,-1,-1,-1
324,987,1149.08,359.62,77.97,97.44,0.4733,-1,-1,-1
325,950,753.27,622.40,84.11,116.91,0.3801,-1,-1,-1
325,956,488.09,655.84,79.09,113.56,0.4681,-1,-1,-1
325,959,795.67,522.56,80.89,104.66,0.1908,-1,-1,-1
325,964,1031.72,670.81,93.39,110.25,0.2461,-1,-1,-1
325,969,896.31,638.18,85.47,122.38,0.2712,-1,-1,-1
325,973,318.83,821.69,84.51,123.71,0.1919,-1,-1,-1
325,976,995.51,195.89,85.93,99.07,0.2682,-1,-1,-1
325,979,1423.58,309.63,75.68,101.45,0.1436,-1,-1,-1
325,982,778.09,263.88,78.46,87.33,0.2734,-1,-1,-1
325,987,1143.09,359.11,82.68,103.67,0.2592,-1,-1,-1
326,950,752.24,623.78,83.11,116.41,0.2995,-1,-1,-1
326,956,489.73,655.83,77.52,112.03,0.4342,-1,-1,-1
326,959,795.10,527.23,80.93,104.99,0.1522,-1,-1,-1
326,964,1034.50,672.23,92.68,109.74,0.2746,-1,-1,-1
326,969,895.26,639.22,85.31,122.15,0.1326,-1,-1,-1
326,973,320.52,822.10,83.43,123.13,0.1875,-1,-1,-1
326,976,994.16,197.34,85.59,99.64,0.2632,-1,-1,-1
326,979,1422.01,312.98,74.65,100.81,0.1100,-1,-1,-1
326,982,781.52,265.69,80.01,89.03,0.3035,-1,-1,-1
326,987,1139.98,360.37,83.89,105.62,0.2506,-1,-1,-1
327,950,751.23,625.07,80.92,113.39,0.2814,-1,-1,-1
327,956,490.45,656.17,77.16,112.00,0.4558,-1,-1,-1
327,959,796.46,526.15,84.04,108.64,0.2426,-1,-1,-1
327,964,1033.62,672.39,91.89,109.21,0.2492,-1,-1,-1
327,969,896.79,640.05,85.23,121.08,0.1933,-1,-1,-1
327,973,322.51,822.02,83.03,123.29,0.1609,-1,-1,-1
327,976,994.05,198.38,85.78,100.20,0.4269,-1,-1,-1
327,979,1421.24,315.31,75.68,102.60,0.3535,-1,-1,-1
327,982,784.39,268.87,80.39,89.60,0.2939,-1,-1,-1
327,987,1136.62,362.62,83.43,104.87,0.3899,-1,-1,-1
328,950,750.53,626.99,78.87,109.99,0.2384,-1,-1,-1
328,956,490.40,657.69,76.33,111.21,0.4034,-1,-1,-1
328,959,796.54,527.01,84.62,108.91,0.3880,-1,-1,-1
328,964,1032.97,673.17,92.05,109.72,0.3037,-1,-1,-1
328,969,897.65,640.25,85.76,120.42,0.2307,-1,-1,-1
328,973,323.93,822.25,82.55,123.13,0.1909,-1,-1,-1
328,976,995.17,199.17,86.02,100.74,0.3600,-1,-1,-1
328,979,1419.21,317.66,75.01,102.21,0.3355,-1,-1,-1
328,982,790.69,268.47,80.07,89.88,0.2279,-1,-1,-1
328,987,1136.84,364.92,82.39,103.43,0.3327,-1,-1,-1
329,950,750.14,628.48,78.66,109.45,0.2349,-1,-1,-1
329,956,491.45,659.58,75.22,109.94,0.4026,-1,-1,-1
329,959,792.98,528.67,85.31,110.58,0.3186,-1,-1,-1
329,964,1032.64,674.83,91.95,109.70,0.3329,-1,-1,-1
329,969,899.01,640.70,86.28,120.42,0.3003,-1,-1,-1
329,973,325.04,822.66,81.76,122.66,0.1845,-1,-1,-1
329,976,998.10,201.44,84.63,99.55,0.3555,-1,-1,-1
329,979,1415.77,319.67,75.26,103.31,0.3400,-1,-1,-1
329,982,797.55,268.75,77.92,87.91,0.3296,-1,-1,-1
329,987,1137.98,367.12,81.47,102.10,0.2914,-1,-1,-1
330,950,740.84,634.91,78.75,110.81,0.2823,-1,-1,-1
330,956,493.04,661.68,74.70,109.91,0.4043,-1,-1,-1
330,959,786.78,533.13,85.16,111.24,0.3330,-1,-1,-1
330,964,1030.98,677.36,91.26,108.81,0.3698,-1,-1,-1
330,969,898.55,643.63,86.28,119.88,0.2316,-1,-1,-1
330,973,326.64,823.81,81.08,122.35,0.1397,-1,-1,-1
330,976,997.02,204.93,83.07,98.14,0.3197,-1,-1,-1
330,979,1411.75,323.46,77.72,107.98,0.2883,-1,-1,-1
330,982,803.84,276.48,76.24,85.35,0.2833,-1,-1,-1
330,987,1133.78,373.13,84.71,106.94,0.3593,-1,-1,-1
331,950,733.07,637.94,79.06,111.43,0.2413,-1,-1,-1
331,956,493.55,662.45,74.24,109.77,0.3397,-1,-1,-1
331,959,785.38,540.52,80.88,105.40,0.3077,-1,-1,-1
331,964,1029.34,678.81,91.21,108.58,0.2807,-1,-1,-1
331,969,899.63,646.59,85.06,117.45,0.2206,-1,-1,-1
331,973,327.44,824.23,81.18,122.90,0.1935,-1,-1,-1
331,976,996.87,205.95,82.68,97.98,0.2901,-1,-1,-1
331,979,1403.48,326.46,76.09,108.29,0.3483,-1,-1,-1
331,982,807.42,285.36,74.60,82.21,0.3641,-1,-1,-1
331,987,1132.17,375.84,86.66,109.89,0.3728,-1,-1,-1
332,950,733.42,639.25,80.02,112.18,0.2330,-1,-1,-1
332,956,496.86,661.85,73.63,109.55,0.2821,-1,-1,-1
332,959,782.04,543.68,80.39,104.40,0.2315,-1,-1,-1
332,964,1022.75,679.37,93.47,110.65,0.2179,-1,-1,-1
332,969,900.08,648.79,85.48,117.69,0.2061,-1,-1,-1
332,973,328.42,825.97,80.59,122.49,0.1438,-1,-1,-1
332,976,1004.13,214.14,76.62,90.89,0.2647,-1,-1,-1
332,979,1400.56,330.01,74.54,107.48,0.3664,-1,-1,-1
332,982,812.26,292.28,71.20,77.13,0.3460,-1,-1,-1
332,987,1134.48,377.29,85.30,108.68,0.3547,-1,-1,-1
333,950,736.59,637.57,78.40,108.28,0.2810,-1,-1,-1
333,956,495.30,663.00,74.64,111.64,0.3011,-1,-1,-1
333,959,778.69,547.08,79.10,101.87,0.2762,-1,-1,-1
333,964,1011.24,681.84,93.70,109.94,0.2525,-1,-1,-1
333,969,900.72,647.69,87.10,119.77,0.3080,-1,-1,-1
333,973,329.60,828.07,78.89,120.63,0.3497,-1,-1,-1
333,976,1000.40,210.96,79.18,94.78,0.2958,-1,-1,-1
333,979,1397.15,334.29,72.07,105.37,0.2489,-1,-1,-1
333,982,815.33,292.49,72.57,77.70,0.3635,-1,-1,-1
333,987,1138.26,381.54,82.48,105.13,0.4363,-1,-1,-1
334,950,737.19,638.25,78.48,107.51,0.1903,-1,-1,-1
334,956,500.50,662.53,72.15,108.99,0.2786,-1,-1,-1
334,959,775.57,546.95,81.51,104.32,0.1303,-1,-1,-1
334,964,1011.72,682.28,93.28,108.75,0.1026,-1,-1,-1
334,969,900.89,650.76,86.28,117.81,0.2325,-1,-1,-1
334,973,330.31,827.98,78.59,120.63,0.2208,-1,-1,-1
334,976,998.90,210.77,79.83,95.90,0.2798,-1,-1,-1
334,979,1398.11,337.44,70.10,103.16,0.2749,-1,-1,-1
334,982,818.84,294.07,71.53,75.73,0.2613,-1,-1,-1
334,987,1137.63,384.20,81.48,104.07,0.4471,-1,-1,-1
335,950,730.93,640.04,81.22,111.10,0.3052,-1,-1,-1
335,956,502.77,663.43,70.83,107.89,0.3403,-1,-1,-1
335,959,772.41,542.94,80.96,101.36,0.1841,-1,-1,-1
335,964,1003.78,685.67,90.78,106.93,0.1265,-1,-1,-1
335,969,901.73,654.56,84.90,114.32,0.2675,-1,-1,-1
335,973,331.57,828.59,77.84,119.99,0.3502,-1,-1,-1
335,976,996.95,212.29,80.89,97.32,0.2564,-1,-1,-1
335,979,1394.37,342.36,69.85,104.82,0.3023,-1,-1,-1
335,982,826.45,291.35,74.53,77.91,0.2911,-1,-1,-1
335,987,1137.47,387.03,79.75,101.92,0.2861,-1,-1,-1
336,950,724.62,642.42,84.41,116.73,0.2210,-1,-1,-1
336,956,501.52,663.65,71.64,109.94,0.3775,-1,-1,-1
336,959,767.83,552.56,78.38,97.24,0.1058,-1,-1,-1
336,969,900.05,650.62,86.43,115.20,0.2115,-1,-1,-1
336,973,332.40,828.09,77.53,120.02,0.1888,-1,-1,-1
336,976,996.98,213.21,79.87,96.74,0.1894,-1,-1,-1
336,979,1393.15,345.44,68.50,105.07,0.2997,-1,-1,-1
336,982,831.21,290.55,74.49,76.84,0.2328,-1,-1,-1
336,987,1135.98,389.86,79.04,101.21,0.2977,-1,-1,-1
337,950,724.27,645.57,84.41,116.67,0.1321,-1,-1,-1
337,956,501.32,664.17,71.77,111.05,0.3697,-1,-1,-1
337,969,901.54,655.84,83.38,109.56,0.1408,-1,-1,-1
337,973,333.40,827.55,77.75,120.72,0.1398,-1,-1,-1
337,976,997.98,215.57,78.59,95.76,0.2278,-1,-1,-1
337,979,1393.16,348.60,67.27,105.32,0.3060,-1,-1,-1
337,982,833.80,290.95,76.33,77.79,0.1962,-1,-1,-1
337,987,1129.47,392.15,80.01,103.71,0.2927,-1,-1,-1
338,950,721.50,647.67,82.35,114.61,0.1606,-1,-1,-1
338,956,501.13,664.90,71.12,110.57,0.3922,-1,-1,-1
338,969,898.58,655.43,86.81,113.15,0.1502,-1,-1,-1
338,973,334.60,827.22,77.54,120.43,0.1878,-1,-1,-1
338,976,998.99,217.08,77.25,94.71,0.2588,-1,-1,-1
338,979,1395.74,351.81,66.49,104.47,0.3244,-1,-1,-1
338,982,839.13,292.73,76.89,77.78,0.2298,-1,-1,-1
338,987,1131.20,394.36,77.43,101.12,0.2017,-1,-1,-1
339,950,722.85,649.19,82.26,114.00,0.1964,-1,-1,-1
339,956,500.88,665.61,71.11,110.89,0.4298,-1,-1,-1
339,969,899.99,664.44,81.69,103.50,0.1294,-1,-1,-1
339,973,335.41,827.02,76.94,119.70,0.2340,-1,-1,-1
339,976,1000.71,217.52,76.19,94.33,0.1988,-1,-1,-1
339,979,1398.78,354.63,66.34,103.53,0.2474,-1,-1,-1
339,982,843.74,293.51,74.61,74.74,0.1752,-1,-1,-1
339,987,1122.33,399.12,76.71,100.67,0.1496,-1,-1,-1
340,956,501.98,665.80,71.63,112.43,0.3685,-1,-1,-1
340,969,892.14,655.40,88.69,111.73,0.1900,-1,-1,-1
340,973,336.82,827.19,76.62,118.99,0.1209,-1,-1,-1
340,976,998.26,218.67,74.94,94.97,0.1492,-1,-1,-1
340,979,1392.84,358.41,63.86,100.75,0.2789,-1,-1,-1
340,982,856.96,296.78,68.07,66.20,0.3089,-1,-1,-1
340,987,1112.20,403.33,74.46,99.22,0.2111,-1,-1,-1
341,956,502.21,666.09,71.36,112.48,0.4213,-1,-1,-1
341,969,891.56,654.89,90.32,113.44,0.2599,-1,-1,-1
341,973,337.23,826.80,76.76,119.02,0.1799,-1,-1,-1
341,976,997.98,219.88,74.62,96.23,0.2571,-1,-1,-1
341,979,1389.48,360.17,62.95,99.95,0.3981,-1,-1,-1
341,982,861.60,296.82,67.48,64.40,0.3774,-1,-1,-1
341,987,1111.33,406.16,72.52,97.52,0.2920,-1,-1,-1
342,956,502.49,666.12,71.17,112.66,0.4096,-1,-1,-1
342,969,889.34,652.33,91.87,114.98,0.2969,-1,-1,-1
342,973,337.39,825.34,77.31,119.89,0.1489,-1,-1,-1
342,976,997.80,221.58,74.17,96.78,0.2752,-1,-1,-1
342,979,1383.57,361.66,64.13,103.56,0.4539,-1,-1,-1
342,982,865.08,297.69,67.23,63.59,0.2191,-1,-1,-1
342,987,1106.16,408.69,71.38,95.84,0.3179,-1,-1,-1
342,959,751.40,554.65,83.49,105.77,0.4243,-1,-1,-1
343,956,503.40,666.35,70.81,112.78,0.4157,-1,-1,-1
343,969,888.33,650.88,92.02,114.79,0.2300,-1,-1,-1
343,976,998.93,223.35,74.03,96.89,0.2835,-1,-1,-1
343,979,1383.23,361.91,66.29,106.99,0.4069,-1,-1,-1
343,982,862.03,297.04,74.73,71.13,0.2124,-1,-1,-1
343,987,1103.44,410.82,70.89,95.54,0.2730,-1,-1,-1
343,959,751.29,555.63,81.67,105.25,0.3177,-1,-1,-1
344,956,504.03,666.47,70.51,113.04,0.4086,-1,-1,-1
344,969,886.44,650.70,92.39,114.82,0.2089,-1,-1,-1
344,976,997.61,225.33,73.63,96.34,0.2911,-1,-1,-1
344,979,1381.89,363.00,67.17,108.09,0.4283,-1,-1,-1
344,982,863.61,297.78,74.80,71.65,0.2455,-1,-1,-1
344,987,1103.95,413.13,72.45,98.54,0.3795,-1,-1,-1
344,959,749.02,556.51,80.63,105.94,0.3869,-1,-1,-1
345,956,504.83,668.74,69.24,111.13,0.3631,-1,-1,-1
345,969,885.70,656.09,91.17,112.60,0.2376,-1,-1,-1
345,976,994.21,227.97,72.70,96.02,0.2658,-1,-1,-1
345,979,1373.77,366.72,66.52,107.38,0.3257,-1,-1,-1
345,982,863.78,300.11,78.19,76.22,0.2217,-1,-1,-1
345,987,1107.11,416.63,71.34,98.29,0.4028,-1,-1,-1
345,959,744.83,558.88,81.34,108.55,0.3389,-1,-1,-1
345,988,1240.48,469.49,72.49,103.69,0.4351,-1,-1,-1
346,956,505.30,670.27,68.62,110.43,0.3965,-1,-1,-1
346,969,881.54,661.22,89.49,109.91,0.1779,-1,-1,-1
346,976,994.33,230.71,71.39,94.68,0.2295,-1,-1,-1
346,979,1369.25,369.84,65.65,105.86,0.3057,-1,-1,-1
346,982,867.31,302.12,77.03,75.83,0.1709,-1,-1,-1
346,987,1111.63,420.33,70.19,96.32,0.3979,-1,-1,-1
346,959,737.17,562.21,82.24,111.57,0.2461,-1,-1,-1
346,988,1238.15,474.01,70.31,100.61,0.4592,-1,-1,-1
347,956,504.90,671.18,68.42,110.12,0.4337,-1,-1,-1
347,969,875.39,662.47,90.00,110.03,0.2368,-1,-1,-1
347,976,992.86,232.02,69.87,93.70,0.1352,-1,-1,-1
347,979,1364.96,372.07,64.14,103.88,0.2874,-1,-1,-1
347,982,870.80,304.49,76.66,76.65,0.1264,-1,-1,-1
347,987,1111.62,422.69,69.64,95.78,0.3166,-1,-1,-1
347,959,736.15,564.56,81.76,110.92,0.1752,-1,-1,-1
347,988,1234.25,474.51,71.40,102.23,0.4283,-1,-1,-1
347,989,387.23,990.78,83.10,87.79,0.4060,-1,-1,-1
348,956,505.18,671.49,68.35,110.05,0.3906,-1,-1,-1
348,969,878.15,668.27,87.41,107.22,0.1581,-1,-1,-1
348,976,992.05,232.52,68.14,93.86,0.1038,-1,-1,-1
348,979,1361.73,374.32,63.78,104.06,0.2248,-1,-1,-1
348,987,1109.16,424.71,70.02,96.91,0.2203,-1,-1,-1
348,959,726.83,564.97,81.94,113.19,0.2265,-1,-1,-1
348,988,1233.35,474.84,70.32,100.31,0.2988,-1,-1,-1
348,989,387.33,991.94,82.35,86.59,0.3051,-1,-1,-1
349,956,505.72,672.33,67.86,109.59,0.2866,-1,-1,-1
349,969,880.11,664.64,92.02,112.13,0.1297,-1,-1,-1
349,979,1359.50,376.83,62.46,103.32,0.1122,-1,-1,-1
349,987,1108.99,426.02,69.07,95.50,0.1939,-1,-1,-1
349,959,721.39,566.96,81.71,114.94,0.2514,-1,-1,-1
349,988,1228.82,476.30,71.77,102.14,0.3316,-1,-1,-1
349,989,383.99,993.67,81.59,84.93,0.2833,-1,-1,-1
350,956,504.53,674.13,67.16,108.14,0.3727,-1,-1,-1
350,969,880.15,669.11,90.73,109.55,0.2675,-1,-1,-1
350,979,1355.15,380.71,61.52,103.47,0.3027,-1,-1,-1
350,987,1102.23,428.77,70.42,98.41,0.4314,-1,-1,-1
350,959,724.21,570.14,76.21,106.19,0.1548,-1,-1,-1
350,988,1215.29,481.97,74.12,105.77,0.3215,-1,-1,-1
350,989,380.98,995.79,79.88,81.98,0.2027,-1,-1,-1
351,956,505.97,674.74,66.29,107.16,0.3364,-1,-1,-1
351,969,876.94,670.68,92.68,110.57,0.2048,-1,-1,-1
351,979,1351.78,383.27,62.18,105.84,0.3185,-1,-1,-1
351,987,1095.48,430.24,71.75,101.29,0.4141,-1,-1,-1
351,959,710.37,573.52,78.35,109.73,0.2820,-1,-1,-1
351,988,1205.43,485.71,74.08,106.27,0.3314,-1,-1,-1
351,989,380.14,998.32,79.12,79.95,0.2043,-1,-1,-1
352,956,505.81,677.10,65.53,105.86,0.3228,-1,-1,-1
352,969,873.44,672.79,91.66,108.61,0.2640,-1,-1,-1
352,979,1350.68,387.41,61.41,104.63,0.2381,-1,-1,-1
352,987,1094.70,431.92,72.33,101.87,0.4307,-1,-1,-1
352,959,702.06,575.69,79.18,111.73,0.2508,-1,-1,-1
352,988,1201.14,489.16,73.10,105.00,0.3336,-1,-1,-1
352,989,377.81,1000.90,78.02,77.59,0.2223,-1,-1,-1
352,990,1096.36,573.34,84.67,107.54,0.4260,-1,-1,-1
353,956,499.00,678.84,66.40,106.58,0.3004,-1,-1,-1
353,969,872.41,676.58,90.45,106.58,0.2575,-1,-1,-1
353,979,1355.07,391.09,60.36,101.20,0.3646,-1,-1,-1
353,987,1091.78,433.66,72.34,102.28,0.4020,-1,-1,-1
353,959,699.66,579.40,76.98,109.14,0.2851,-1,-1,-1
353,988,1198.88,492.75,71.63,102.96,0.2564,-1,-1,-1
353,989,376.39,1003.30,76.80,74.90,0.2045,-1,-1,-1
353,990,1093.16,574.46,85.30,108.49,0.4110,-1,-1,-1
354,956,494.96,680.31,67.00,106.85,0.3561,-1,-1,-1
354,969,862.27,674.31,93.45,110.42,0.2474,-1,-1,-1
354,979,1351.55,393.70,60.52,100.20,0.3953,-1,-1,-1
354,987,1088.88,437.50,70.58,99.86,0.3467,-1,-1,-1
354,959,688.10,580.95,74.18,105.49,0.1511,-1,-1,-1
354,988,1193.32,494.45,69.86,100.43,0.2641,-1,-1,-1
354,989,380.52,1008.78,72.98,69.19,0.1157,-1,-1,-1
354,990,1089.03,574.70,86.50,110.41,0.3568,-1,-1,-1
354,973,327.79,833.63,81.75,123.48,0.4635,-1,-1,-1
355,956,492.64,683.96,67.38,107.20,0.3612,-1,-1,-1
355,969,855.29,675.58,93.45,111.13,0.2395,-1,-1,-1
355,979,1342.68,398.73,62.11,101.14,0.3729,-1,-1,-1
355,987,1077.72,442.02,69.63,98.06,0.2941,-1,-1,-1
355,959,681.11,587.66,72.99,104.95,0.1395,-1,-1,-1
355,988,1179.42,498.14,71.75,102.80,0.3408,-1,-1,-1
355,989,371.39,1014.96,68.75,63.38,0.2152,-1,-1,-1
355,990,1083.24,579.35,88.85,114.21,0.3027,-1,-1,-1
355,973,325.03,837.03,81.88,122.76,0.3685,-1,-1,-1